grid_id	centroid_x	centroid_y	EcoI	EcoII	Cropland.2005_2015	Cropland.trend	Built.2005_2015	Precip.1993_2018	Precip.trend	Temp.1993_2018	Temp.trend	Lon	Lat	Abundance.trend
2206	1518933.04657	82440.40381	8	8.3	0.566882825	0.0594138609140021	0.11792938	95.609616967348	0.00607616334881329	13.1006412410106	0.0152144352221531	-77.14869173	39.41400438	-4.34513617002295
1944	1018933.04657	-67559.59619	8	8.3	0.34692727	0.0438955159040642	0.03125277	95.3633029644306	0.00576132892235097	12.5608976507106	0.00557469253036141	-83.50763926	38.8563987	-1.51539135222351
2037	1468933.04657	-17559.59619	8	8.3	0.35163514	0.117571082706672	0.05083578	90.3867001770399	0.00509522106709198	13.7145835569797	0.0113553527796655	-77.98693505	38.66326772	0.602207024159518
2452	1118933.04657	232440.40381	8	8.1	0.21021266	-0.079079455624469	0.49361074	85.6907067360022	0.00879799460281317	10.0990386374343	0.00955518985571809	-81.74962311	41.25528824	1.48933221141305
508	318933.04657	-1017559.59619	8	8.3	0.25904161	-0.120804475819322	0.0759417	123.922437937214	0.00587158250371434	19.5934298069049	0.00576975886980291	-92.50117853	31.25658604	1.26697061575172
3534	1318933.04657	832440.40381	5	5.2	0.0033431	0	0.01092717	71.5974371738923	0.014007426303571	4.90256419806526	0.0153894565389792	-77.80539224	45.97140187	-5.73363779876513
3439	1268933.04657	782440.40381	5	5.2	0	0	0.001574105	84.6886233427586	0.0130990649956402	4.27275649554884	0.0148698492463216	-78.60450009	45.63453472	-4.35768778988044
2619	768933.04657	332440.40381	8	8.1	0.34554997	-0.111516799886591	0.051033705	83.7810910389974	0.0120984886275376	10.3000001508313	0.00975765320893495	-86.03414884	42.47254492	-2.48527766514384
2361	868933.04657	182440.40381	8	8.2	0.77574332	-0.219906101070829	0.1573679	81.969231955516	0.00953648924074888	10.3950322301796	0.0102919958750304	-84.97437478	41.1170148	0.194236606733478
149	1368933.04657	-1417559.59619	8	8.5	0.380757215	-0.0685397715373041	0.094122055	121.162502129873	0.00418736841615085	23.941346568939	0.0171416786788202	-81.74877453	26.93330432	-2.71738484743937
5196	-2781066.95343	3282440.40381	7	7.1	0.01922375	0	0.081039355	38.9277249792447	0.0017204237282919	2.93525646702172	0.0125803436669725	-150.04946993	61.23981641	-8.70435471999569
2623	968933.04657	332440.40381	8	8.2	0.245473095	-0.194981013000556	0.58147588	74.6665076758617	0.0122142923518533	10.0160258132726	0.0106989795985634	-83.46905518	42.2721726	1.46100957296644
317	1268933.04657	-1217559.59619	8	8.5	0.137444545	-0.116282895181659	0.18158149	113.545675096795	-0.000753667980436725	22.1581734250753	0.0140282968538786	-82.48056998	28.78850076	1.12450983870354
417	1268933.04657	-1117559.59619	8	8.5	0.203930945	-0.0577132865773184	0.08444092	112.870194143974	0.00100278488386515	21.1259618569643	0.0115504994275501	-82.32796437	29.64861668	-1.5287448953349
1426	-81066.95343	-367559.59619	9	9.4	0.29021927	-0.0823015070382143	0.037483645	81.6599372294851	0.00717591643059057	15.9879810289026	0.0100793219678418	-96.96211294	36.87394061	0.341038210074007
1534	1218933.04657	-317559.59619	8	8.4	0.144343295	0.189918015890085	0.032694735	98.7770049263461	0.00161951850388392	11.769391250325	0.00876768187213423	-81.55477141	36.51070024	-0.00813225578921717
2365	1068933.04657	182440.40381	8	8.1	0.70835835	-0.0338194501515421	0.08459268	87.1088156211071	0.00698464034982774	9.87403863847542	0.00643230936627128	-82.46781549	40.89820404	-0.590384585879944
656	-1381066.95343	-867559.59619	12	12.1	0.007408705	0.0299198956515542	0.007268035	30.930449152222	-0.00301793410126964	17.8644233636367	0.0228635215741446	-111.29159426	31.6384602	-2.79480532551388
291	-31066.95343	-1217559.59619	9	9.5	0.80423069	0.00632608928893658	0.031720185	90.8830144176116	0.00672253864433429	21.4916669741655	0.00705260573064546	-96.33325366	29.57579331	-1.6276946752957
2110	918933.04657	32440.40381	8	8.2	0.80983891	-0.15896775991283	0.080312475	91.0826937754949	0.00980337632735146	11.1653847922213	0.00666433761345731	-84.5742875	39.80481716	-1.89937852941853
388	-181066.95343	-1117559.59619	9	9.4	0.002624705	-0.160461230382288	0.224719185	69.8532063105168	0.00558071850711514	20.6458335916201	0.0030424246701776	-97.96425278	30.42678471	-0.322370056311894
2700	418933.04657	382440.40381	8	8.1	0.44920482	-0.0877371278393171	0.025644025	74.1246806467191	0.00822460086584991	8.24535270917635	0.00887826684407075	-90.51874229	43.1353983	-0.895620401565622
222	1418933.04657	-1317559.59619	8	8.5	0.334830915	-0.0686533446985518	0.02242112	109.823398973697	0.00175514849551485	23.2192311745424	0.0167499032564293	-81.07399731	27.73082226	1.31879735403813
3266	1818933.04657	682440.40381	5	5.3	0.011032625	0.0158059600614849	0.04027942	99.6112197240194	0.0128295165403626	6.20833344888897	0.016472190572974	-71.69167942	43.79207731	0.56456895183572
2711	968933.04657	382440.40381	8	8.1	0.114220885	-0.136871710792017	0.5078359	72.4057703904617	0.012567447760099	9.22788477283067	0.0119444304927457	-83.38349969	42.69155957	0.965975537901143
2791	468933.04657	432440.40381	8	8.1	0.471163975	-0.100384665853528	0.041381045	72.7588955580424	0.00728610147634296	7.84078538796912	0.00962681794949574	-89.82372748	43.5316205	0.553373308503735
353	568933.04657	-1167559.59619	8	8.5	0.012139485	-0.223964780559621	0.132890605	128.964425353477	0.00482954148902455	21.0711541573207	0.00425475164846846	-89.87088763	29.85043998	-1.03406184702241
2378	1718933.04657	182440.40381	8	8.5	0.08763762	-0.102752788644508	0.19002391	102.997758113421	0.00325371575996006	12.6838143044868	0.019064070349429	-74.46818322	39.88441125	-2.01145822263186
2911	1968933.04657	482440.40381	8	8.5	0.01771682	-0.0922175302448188	0.16206567	110.571155969913	0.00987589290924178	11.1687501922059	0.0224496062799159	-70.48333946	41.82810965	3.17539368295945
1866	1318933.04657	-117559.59619	8	8.4	0.04034042	0.175039970799668	0.01828708	114.757052935087	0.00269840925497734	9.92403864230101	0.0100533242258693	-79.99426199	38.0547703	1.63868786570041
3699	268933.04657	932440.40381	5	5.2	0.000692815	-0.18709966865334	0.012195665	63.9535267987312	0.0113791209714876	3.68814108248513	0.0147084143529867	-92.18973291	47.84899449	-0.133557926559935
3513	268933.04657	832440.40381	5	5.2	0.008045095	-0.175533414626538	0.030570175	63.3257222863344	0.0111087594344662	4.76730778982911	0.015729450413523	-92.24581109	47.00173755	-5.78171814406782
2017	468933.04657	-17559.59619	8	8.3	0.86664974	0.0304690052814426	0.03564977	84.8365398691251	0.0069119179462949	11.7400643068294	0.00512590147035987	-90.1866968	39.72903259	-2.03884982927425
3121	-1031066.95343	632440.40381	6	6.2	0.00053293	-0.102010069743779	0.000670865	39.0842955066608	0.00643442432140547	2.15384617254425	0.0131903370795694	-109.88835831	44.71283605	-0.79001853461208
3059	368933.04657	582440.40381	8	8.1	0.45269568	-0.0830640432803709	0.024586045	69.9080139119656	0.00432248905713948	7.07612191968096	0.010906947771013	-91.03475763	44.84821754	-6.34062669407287
2210	1718933.04657	82440.40381	8	8.5	0.011711805	-0.0799624460011127	0.054518185	94.4894246260325	0.00214064643234218	13.0878207295035	0.0167319571524406	-74.74431021	39.05766649	-2.7503781442286
3601	68933.04657	882440.40381	5	5.2	0.19784597	-0.138867907979737	0.02693808	56.6580938937572	0.00994591948417235	4.70969562206226	0.0141665103592434	-95.03010996	47.46775936	1.40175339286104
2133	-2131066.95343	82440.40381	11	11.1	0.130208045	0.00675563859511681	0.16849974	65.1397448375773	0.00175905743853867	14.7871797528022	0.0186437873320847	-122.12088588	38.19191202	-2.15754406518981
49	-231066.95343	-1617559.59619	9	9.5	0.57500519	0.0243208133934367	0.19392944	39.1637827239405	0.00606676327555014	23.7663465218666	0.00719312659317646	-98.37082827	26.05737878	2.60832121485974
2049	-2131066.95343	32440.40381	11	11.1	0.02987971	-0.16568549075308	0.33948004	45.367468699395	0.000275082518862857	14.6854169475727	0.0192274283281387	-121.95725444	37.78284503	-2.82563209186519
2388	-2081066.95343	232440.40381	11	11.1	0.818390465	0.250714906673925	0.04210584	54.2491996172601	0.000375232582332219	16.1218752746399	0.0150932476542566	-122.03067056	39.53271687	0.917902070534438
1227	-1831066.95343	-467559.59619	11	11.1	0.0023231	-0.0278389190657927	0.12516307	40.2358979682844	-0.00583853234952893	14.2689104553981	0.0210999130782754	-117.10749356	34.27577564	-1.00482838624477
2475	-2031066.95343	282440.40381	11	11.1	0	-0.192784081100916	0.006720295	97.7651460872939	-2.08176834923156e-05	11.8049681463983	0.0131147160304007	-121.60022384	40.05509364	1.46846600698458
1713	-2131066.95343	-167559.59619	11	11.1	0.11164721	0.0259552674130211	0.01400625	68.4195523196354	9.82775552332792e-05	12.7012823040669	0.0172496743039164	-121.32225005	36.14175632	1.03913175925112
1941	868933.04657	-67559.59619	8	8.2	0.43694279	-0.0887801034335515	0.02989122	100.112581898769	0.00981056782248108	12.4907053441514	0.0064329927417886	-85.32986539	39.01156845	-1.34139537353681
41	1468933.04657	-1667559.59619	15	15.4	0	-0.133942433982509	0.0101223	106.844232476675	0.00612173121340527	25.6887824107439	0.0186981796758462	-81.12943102	24.62399503	-0.48700330699516
2813	1568933.04657	432440.40381	8	8.1	0.194945815	-0.0271010373441667	0.064244985	90.350321947	0.012162218625726	8.67179502924092	0.0114523772127927	-75.62604808	42.22887134	-1.65732108628567
2909	1868933.04657	482440.40381	8	8.1	0.027316715	-0.0166054419973886	0.21103786	104.704489066051	0.0111273184800017	9.72307709852854	0.022113863525084	-71.72198558	42.0478671	-0.211944814189402
518	818933.04657	-1017559.59619	8	8.3	0.164160515	-0.0880862860120624	0.033294635	135.704329270058	0.00699991319265958	19.6753208484405	-0.00044920240397556	-87.03868831	30.97284899	0.818062887919413
2781	-31066.95343	432440.40381	9	9.2	0.914315315	-0.0181540302064718	0.053450035	59.6836550306433	0.00651519838485534	7.40705141523041	0.00805909947765093	-96.40975728	43.66033385	-4.96560748016051
1868	1418933.04657	-117559.59619	8	8.4	0.174790105	0.254507143417625	0.05984965	92.7086555854632	0.00546963512272926	14.2022438265192	0.0104025712464923	-78.806263	37.90668498	-1.31907611933433
3507	-31066.95343	832440.40381	9	9.2	0.896032545	0.0621568405839199	0.034676295	52.7112189376822	0.00704775238227857	5.45400652234466	0.0138554791843342	-96.43390506	47.04627246	-0.139201807025846
336	-281066.95343	-1167559.59619	9	9.4	0.010171115	-0.15861302630988	0.03475469	51.0913470591872	0.00510234875657426	20.2990388289476	0.0049252436703776	-99.03112545	29.97099694	-1.26564650090617
3021	-1531066.95343	582440.40381	6	6.2	0.29741802	-0.014414089033359	0.159299515	36.3653851451161	0.000992422741456809	9.82692326801136	0.00955668786744573	-116.30807407	43.53715777	3.64311554659456
221	1368933.04657	-1317559.59619	8	8.5	0.380331865	-0.0700656496979919	0.1879692	107.721476456294	0.00279572158554178	22.9987182953419	0.0150861479170218	-81.59174976	27.79812764	-0.508402026263111
836	1118933.04657	-767559.59619	8	8.3	0.067355605	-0.0617217263048393	0.12243194	91.5833347134101	-0.00166285035581247	18.141346396544	-0.00199122508435046	-83.42747602	32.8207102	-0.554857128699082
352	518933.04657	-1167559.59619	8	8.5	0.08765052	-0.216969948809927	0.108536255	129.711220360719	0.00425712946828369	21.0461541995024	0.00551761358874069	-90.40822885	29.87722723	-4.65594079041644
2107	768933.04657	32440.40381	8	8.2	0.696238675	-0.0612966198129445	0.2395573	93.540706665088	0.0106697792177301	11.9823720167415	0.00620715327742561	-86.42546211	39.94540276	0.936844570539486
292	18933.04657	-1217559.59619	9	9.5	0.604457915	-0.0447323760899123	0.252436765	95.5942324185983	0.00619096957633333	21.2839746903151	0.00679924570286483	-95.79690563	29.57609125	0.147580020224169
342	18933.04657	-1167559.59619	9	9.5	0.534540005	-0.0510918103222413	0.270530335	94.1811714319465	0.00625565862080076	21.2341349243354	0.00604872947434678	-95.79575003	30.0097734	-0.735123383313796
269	1468933.04657	-1267559.59619	8	8.5	0.01962165	-0.130557633471754	0.16423169	113.37115534758	0.000764159324977436	23.0823721304918	0.0159004012540698	-80.47180221	28.09190842	-2.04151251829147
2912	2018933.04657	482440.40381	8	8.5	0.000558385	-0.0963788691675926	0.06196306	116.771796640677	0.010164124619695	11.254807937556	0.0223462794796574	-69.86732073	41.71422946	3.75614044030674
2820	1918933.04657	432440.40381	8	8.1	0.02185955	-0.061541021185355	0.20154389	105.271957000479	0.0104385203869093	11.217628399734	0.0223112156185682	-71.2670042	41.53048861	1.32628999364799
2550	1718933.04657	282440.40381	8	8.1	0.003223865	-0.0796729537756787	0.696762035	105.190386533737	0.00805747542009713	12.1413463465153	0.0199966764104265	-74.18491634	40.7098448	-0.353656809849245
2551	1768933.04657	282440.40381	8	8.1	0.00238287	-0.13839982035439	0.38822142	100.873238740823	0.0076194698308776	12.5724361264266	0.0214597573705721	-73.57346359	40.61189413	-2.39500602513401
126	1518933.04657	-1467559.59619	15	15.4	0.041770885	-0.119805705656223	0.388852515	140.695515543987	0.00409223442008416	24.7041670664763	0.0182306354015312	-80.29980171	26.29307395	1.47820307600748
104	1518933.04657	-1517559.59619	15	15.4	0.01233736	-0.127561668253944	0.46064562	132.594874172257	0.00433157542077788	25.0567311445872	0.0191249224196154	-80.38416352	25.85948538	3.28586168572684
3375	-1931066.95343	782440.40381	6	6.2	0.00014022	-0.217312762273819	0.004331195	86.6706743720585	0.00288362786188619	7.43733989772124	0.0137791962647054	-122.09408307	44.35916573	-0.397319622648185
51	-131066.95343	-1617559.59619	9	9.5	0.20044661	-0.0705383308277131	0.16105538	57.9214751513388	0.00607532104978108	23.4689106024229	0.00623484436519719	-97.34498326	26.07460858	4.52864569134122
1729	-1331066.95343	-167559.59619	10	10.1	0.005272065	0.0351707539890075	0.005359665	26.5192312403367	-0.000567328969869548	7.68846166962519	0.0152223179704329	-112.04844916	37.61837176	-0.842825870077091
2377	1668933.04657	182440.40381	8	8.3	0.054448405	-0.108792000655625	0.704605825	102.984777300786	0.0055189915901771	12.4121796882962	0.0183914030378302	-75.07406216	39.97854793	-2.71844206789497
1596	218933.04657	-267559.59619	8	8.4	0.58075159	0.182492105644541	0.02928937	90.6381425534685	0.00456991686866292	14.0701925439569	0.00517869861960827	-93.36931709	37.70257514	1.03795959180779
268	1418933.04657	-1267559.59619	8	8.5	0.333320435	-0.0585733855458917	0.067072705	113.37115534758	0.000764159324977436	23.0823721304918	0.0159004012540698	-80.99141695	28.16185744	1.7285977850847
220	1318933.04657	-1317559.59619	8	8.5	0.28039041	-0.0957311453699633	0.34016286	103.882694313924	0.00147174148837585	23.0730772874294	0.0151872154031718	-82.1103699	27.86305746	0.359930692124011
1848	418933.04657	-117559.59619	8	8.3	0.43882076	-0.0133288162778967	0.139131325	84.2586553738667	0.00530017752151424	13.523397696706	0.00672656957115125	-90.87223328	38.9064936	-0.621466154293626
1424	-181066.95343	-367559.59619	9	9.4	0.535353705	-0.0711243292700834	0.02860749	72.5791677513566	0.00865313193138043	16.1115387122218	0.010115517490908	-98.14863148	36.85996818	3.28536280291749
2027	968933.04657	-17559.59619	8	8.2	0.611669055	-0.0680348734941578	0.140557255	92.5389437736609	0.00783954378374133	12.0815706968499	0.0041310942277793	-84.03709129	39.33178078	1.40336856619085
2077	-731066.95343	32440.40381	6	6.2	0.192771335	-0.038575967371461	0.229582335	35.532372368834	0.00192970653882285	8.65376618317663	0.0144506004963373	-105.10600917	39.9769812	2.21962161724134
3027	-1231066.95343	582440.40381	10	10.1	0.30807902	0.206612589141164	0.009256305	35.3509620336386	-0.00211527985040931	5.94519237042047	0.0114812246775105	-112.41721661	44.02581384	-7.7952717255691
2895	1168933.04657	482440.40381	8	8.1	0.750848345	-0.015450058058517	0.09370672	83.3913475611271	0.0145723045834106	7.57339756472562	0.0128290184374101	-80.61089096	43.27944237	-2.78958513329458
296	218933.04657	-1217559.59619	8	8.3	0.00447724	-0.204400250946316	0.00285488	117.36602755999	0.00552388869618361	21.0740387378595	0.00779337894826874	-93.65198674	29.55273108	-0.741578340212945
4498	-681066.95343	1432440.40381	9	9.3	0.77313146	0.0274590552196003	0.016978615	31.4709941058969	0.0033751972710398	2.79198723758022	0.012915453048522	-106.39295781	51.83562929	0.267673810046931
3255	1268933.04657	682440.40381	8	8.1	0.054550665	-0.119807281341199	0.0126966	86.0092963499901	0.0139893590455973	5.93910267686424	0.014635489854773	-78.84977537	44.80223732	-12.4279237319252
3419	268933.04657	782440.40381	5	5.2	0.065863425	-0.161216894278892	0.047414715	63.40609074021	0.0106727222417317	5.2711539307657	0.0156890864511029	-92.27323601	46.57841562	-2.6201842189695
1125	968933.04657	-567559.59619	8	8.4	0.19561398	0.0204071910907018	0.100897455	118.881732868843	0.00612137837269879	15.5185900046848	0.00093699010139313	-84.83303971	34.68286448	-0.682817576228434
2906	1718933.04657	482440.40381	5	5.3	0.16019358	0.0650308403565076	0.07426374	95.9842964319082	0.00915492441995706	9.80000017674115	0.0168859811580626	-73.59584764	42.3572991	-1.27996226127099
2998	1818933.04657	532440.40381	8	8.1	0.021971235	0.0441252182459608	0.0556763	96.245514686291	0.0105462334735524	9.15224374140589	0.0195185567649437	-72.18455731	42.56364832	0.0633749935931238
980	1218933.04657	-667559.59619	8	8.3	0.06461779	-0.0407368019440093	0.234620635	93.2403862583332	0.000201639207076209	17.2397438967839	0.000470116429323209	-82.15601061	33.55183167	3.15319671035179
2640	1818933.04657	332440.40381	8	8.5	0.044593145	-0.0842624877577803	0.27774565	101.070193724755	0.00850399274224454	11.7756412185442	0.0209217795001422	-72.81206193	40.9223309	-3.16101474271003
2538	1118933.04657	282440.40381	8	8.1	0.00331838	-0.177814778245408	0.17862684	83.5801295622801	0.0107078945872824	10.0336540351168	0.0103202156448171	-81.65398634	41.67381198	-0.515865750264966
912	1418933.04657	-717559.59619	8	8.5	0.016786955	-0.0613323246783008	0.235507695	103.68301474346	0.00519196041277094	19.034936159085	0.00733135305993716	-80.01942426	32.85874487	-0.631041854888403
2718	1318933.04657	382440.40381	8	8.1	0.20112713	-0.0240112040419058	0.03695919	97.3926301613832	0.0122633546749242	7.7169873127475	0.0119848797208149	-78.91155172	42.22929366	-3.67724740176378
2622	918933.04657	332440.40381	8	8.1	0.47449671	-0.105017369641001	0.104525265	76.7092961852367	0.010377453372991	9.26570529662646	0.00921617128451716	-84.10874889	42.32652711	-0.0346875953335601
4338	-1781066.95343	1332440.40381	7	7.1	0.17245329	0.237057044343384	0.060817685	171.781092182948	0.00361332620900848	8.91089760130033	0.0155170117697666	-122.16855803	49.19096565	1.28742231461152
2889	868933.04657	482440.40381	8	8.2	0.46459192	-0.0282386800975748	0.067057775	67.3205139606427	0.0116739055921452	8.19118606133195	0.011496846739752	-84.51537615	43.63806312	-1.76470556763337
1788	1618933.04657	-167559.59619	8	8.5	0.08752376	-0.0435301386590711	0.1774822	104.593911819661	0.00360049409063157	15.1400643381266	0.0127115894181863	-76.56894447	37.1626337	-0.637510830669896
459	868933.04657	-1067559.59619	8	8.5	0.0241775	-0.192187685899249	0.1246111	128.23982589477	0.00459416997164056	20.0326926352886	0.00125550295495465	-86.54945252	30.50058808	-1.50293554159735
320	1418933.04657	-1217559.59619	8	8.5	0.06146877	-0.118139671611781	0.15050548	116.570835526173	-0.00136303766180094	22.7618593986218	0.0152425310347741	-80.9079255	28.59216656	2.33939198866009
4021	-1731066.95343	1132440.40381	6	6.2	0.01418602	-0.103502741733215	0.01899546	79.0711550036302	0.00332135891083608	6.08237189923724	0.0124546257197306	-120.71967776	47.66592243	-3.15019625387748
367	1268933.04657	-1167559.59619	8	8.5	0.4520553	-0.0353923208338025	0.132063315	113.283976235069	0.00167446725280211	21.6637824131892	0.0136600911885352	-82.40469247	29.21889794	1.97171697056318
2714	1118933.04657	382440.40381	8	8.1	0.294433545	-0.20865839187838	0.00916161	81.7693123160264	0.013964833908029	9.06858989090109	0.0106061531980758	-81.45884004	42.51036336	-0.334749196969641
1103	-131066.95343	-567559.59619	9	9.4	0.13619463	-0.104604650495709	0.09401904	75.1166679194579	0.0066969743970866	16.8012823211984	0.00672469619682485	-97.51744394	35.1624181	1.26919781442985
694	518933.04657	-867559.59619	8	8.3	0.34508226	-0.0636153271427312	0.187792545	116.025643216876	0.00749858464737901	18.7080131264833	0.00056865662538586	-90.21106194	32.46348051	0.044677149272343
1281	868933.04657	-467559.59619	8	8.3	0.490767495	0.0865330044019804	0.046437805	119.438143066871	0.0100449249722976	15.2682694845284	0.000740922136009157	-85.85348173	35.62794041	1.34274356681494
266	1318933.04657	-1267559.59619	8	8.5	0.286590215	-0.0796872072802231	0.13198772	114.194873660421	8.05541735228604e-05	22.8551285175177	0.0151701804826157	-82.03335051	28.29461214	1.04932803768365
3635	1768933.04657	882440.40381	5	5.3	0.197521255	0.00355078564896179	0.035924145	117.455771378982	0.00798201426513129	4.58525652502878	0.0185167928629639	-71.65957964	45.5363455	-1.1284259604137
2999	1868933.04657	532440.40381	8	8.1	0.02232901	-0.0197810291534122	0.349774025	101.89984157605	0.0109926357891361	9.65769248248006	0.0213803872746686	-71.55817577	42.45711674	-2.42999236359327
1056	1318933.04657	-617559.59619	8	8.3	0.168318025	-0.195177926647551	0.220877545	99.1278863423982	0.00257183591252577	17.8060900305326	0.00240724367977081	-80.94903553	33.84545243	1.31877106390528
393	68933.04657	-1117559.59619	8	8.3	0.130442715	-0.101000379078244	0.101367775	106.641988995748	0.00498456685957619	20.6400644458257	0.00564425452750495	-95.25210814	30.44066883	0.616119811649285
3702	418933.04657	932440.40381	5	5.2	0.000189025	-0.206997389642783	0.0056653	63.3719560572734	0.00778809017868573	3.78798084073246	0.0140422498688231	-90.06907188	47.78363667	-0.986522331659678
124	1418933.04657	-1467559.59619	8	8.5	0.352853855	-0.0330934344081993	0.098412945	123.332694302767	0.00603785837637623	24.5641029492403	0.0178304479478653	-81.31641743	26.4332029	1.16531036314729
3515	368933.04657	832440.40381	5	5.2	0.003591185	-0.148551270884589	0.004990875	66.2330137093862	0.0106413888300406	5.26698727442477	0.0138246606857268	-90.8522262	46.96196003	-0.728203908862268
2134	-2081066.95343	82440.40381	11	11.1	0.679851605	0.247151522748655	0.117882425	39.4924685900362	0.00159411504199719	16.6193913137301	0.0156199025020069	-121.53757382	38.30623684	-0.497716317773289
3235	268933.04657	682440.40381	5	5.2	0.2153436	-0.128890980616481	0.022728435	63.5266036834472	0.00761708598710113	6.56153859081081	0.0125494115984444	-92.32690171	45.7322447	-1.77302578341202
1378	1618933.04657	-417559.59619	8	8.5	0.156627345	-0.127237297262062	0.05873615	111.75096348845	0.00946092098634179	16.5916669147137	0.00770604859746862	-77.15730255	35.07371942	-1.04832943820381
1351	268933.04657	-417559.59619	8	8.4	0.22877541	-0.0938621630741223	0.02899868	97.0839761999937	0.00318194503568207	15.6596156542118	0.00676020590681153	-92.82919788	36.4131345	-0.891289375365389
2209	1668933.04657	82440.40381	8	8.5	0.203823335	-0.104542873392615	0.05507309	98.6246811243204	0.00453048920560235	13.5243592012483	0.0141183187372431	-75.34292904	39.15070629	-2.95927869739333
4125	-931066.95343	1182440.40381	6	6.2	0.35974706	-0.0497111280560303	0.00869712	25.5669876814653	0.000288675975135672	3.77564106372973	0.0113239725178514	-109.61669107	49.44969049	-0.265350315199187
750	118933.04657	-817559.59619	8	8.3	0.33210436	0.0240345012717409	0.03073687	103.006652334657	0.00610938600027277	18.3177887556645	0.00192634161879704	-94.66381159	33.02238206	3.24838436114676
3086	1718933.04657	582440.40381	5	5.3	0.215936575	0.117806304750412	0.03406911	96.3381429207631	0.0127589041491215	7.4714744831316	0.0168367198222918	-73.28945223	43.17958847	-1.73690921618431
244	18933.04657	-1267559.59619	9	9.5	0.60159974	-0.0078870298956722	0.03198929	90.4916681739	0.0061489528651725	21.6038464735716	0.00878247776032275	-95.79804822	29.14178147	-1.90199249320607
2053	-1931066.95343	32440.40381	6	6.2	0	-0.213636624079893	0.0014841	77.7852578571735	0.000918477936615045	6.47532063037253	0.0178949508189668	-119.62559253	38.22239868	-4.35269269480131
1277	668933.04657	-467559.59619	8	8.3	0.21180359	-0.0625532498135134	0.03159601	118.422117292117	0.00915630214501924	15.2487181932546	0.00353945834126613	-88.17672172	35.78951135	-1.3685446898525
3510	118933.04657	832440.40381	5	5.2	0.02095553	-0.173945544246978	0.014336425	59.8665875605284	0.00947607350841363	5.41746806032741	0.015004412687085	-94.33904765	47.03804425	-1.26227957160467
1789	1668933.04657	-167559.59619	8	8.5	0.02355269	-0.0853074999896496	0.0566814	106.470514404086	0.00429285576874732	15.1506412604298	0.0134380212254052	-75.98624665	37.07472229	-8.75578618270097
757	468933.04657	-817559.59619	8	8.5	0.70155943	0.0306496960158638	0.018787035	115.981091702596	0.00672597994500888	18.576282333105	0.00200097032446766	-90.73669935	32.91770906	-7.40358899332033
366	1218933.04657	-1167559.59619	8	8.5	0.044438235	-0.124241163906515	0.022603755	116.261861226498	0.000847083384224245	21.6682695914537	0.0117571115904281	-82.9334958	29.27979434	0.967911217325379
1706	1618933.04657	-217559.59619	8	8.5	0.30767702	-0.0245072176583806	0.09133899	102.402245106462	0.00341270017424705	15.6237182015887	0.0087550251154815	-76.68949674	36.74574745	0.578627964367939
267	1368933.04657	-1267559.59619	8	8.5	0.158345435	-0.104902878930641	0.344593225	107.955770908449	0.000355505609950951	22.895352941293	0.0158043970855967	-81.51194274	28.2294268	1.04969034642364
2524	418933.04657	282440.40381	8	8.1	0.668085065	-0.0179485697195145	0.03923647	82.5038476219544	0.0108070604463318	9.33397455403629	0.00963410807991852	-90.59328224	42.29064859	-3.86339093475631
2549	1668933.04657	282440.40381	8	8.3	0.16022573	0.0242679237041682	0.17908141	110.092309407699	0.00929419424664042	10.7362181536901	0.0196299073706906	-74.79822257	40.80512316	-1.64620966991214
1539	1468933.04657	-317559.59619	8	8.3	0.16428793	-0.0509922300730238	0.12804653	95.0711556925223	0.00182023779713588	15.0179489667599	0.00832897239995508	-78.6523685	36.15495265	-0.256387319005225
2287	1368933.04657	132440.40381	8	8.4	0.252334595	-0.0504823231767643	0.04697038	105.075642671341	0.00396768035667421	10.0907053349969	0.00948947188713135	-78.85714423	40.07043703	-3.55346333603835
2818	1818933.04657	432440.40381	8	8.1	0.055130805	0.0119968771012337	0.283173245	103.068751857831	0.00931349010017633	10.4982373853071	0.021406844186387	-72.50241213	41.74353249	-0.815165267277429
2728	1818933.04657	382440.40381	8	8.1	0.014278565	-0.0387078422080972	0.19666345	102.066027580163	0.00963396911316466	11.3740386446604	0.0209186653465869	-72.65824309	41.33307557	-0.42599953575555
2816	1718933.04657	432440.40381	5	5.3	0.172131985	0.11998931288113	0.06242844	101.91057853821	0.00791271200659573	10.373397608622	0.0180115548263398	-73.74602267	41.94582058	0.623591019057823
1145	-1931066.95343	-517559.59619	11	11.1	0.010191735	0	0.416114515	24.8003209136809	-0.00341369999045199	18.0221157349073	0.0208157073793237	-118.08787557	33.6648018	-2.9718256744423
1595	168933.04657	-267559.59619	9	9.2	0.60410539	0.163494356132685	0.019324295	94.8586553983295	0.00560627380937455	14.0243592062631	0.00540156117360969	-93.96990247	37.71302648	-3.15487511788176
1533	1168933.04657	-317559.59619	8	8.4	0.30582363	0.0951675807233788	0.072699805	92.2445527773637	0.00295134837329644	12.7400643623028	0.00407038867837368	-82.13872189	36.57407642	0.380470219883233
3263	1668933.04657	682440.40381	5	5.3	0.12619392	0.0177903089219201	0.017890345	87.9480784489558	0.0126669339203369	6.24791675515903	0.0172130970489212	-73.61952517	44.10144466	-0.221120699417687
3246	818933.04657	682440.40381	5	5.2	0.092065255	-0.109629144695621	0.045651875	65.4294882523708	0.0111084375112321	6.30833345799683	0.0112636552745017	-84.86093015	45.36862227	-6.5017558892938
2451	1068933.04657	232440.40381	8	8.1	0.491964615	-0.122735502765897	0.139869235	84.1775657641582	0.00920089185443115	10.0464745669697	0.00657253081862462	-82.37747747	41.317307	-0.273146645253675
3373	-2031066.95343	782440.40381	7	7.1	0.29254346	0.0383549668174597	0.093280015	115.465707065538	0.0018452233237972	11.3237181623013	0.0138621324541773	-123.37316042	44.12372248	-0.677296544998063
68	-281066.95343	-1567559.59619	9	9.6	0.209895405	0.174734177828065	0.03541768	40.5237987284752	0.00612659634639852	23.8648240711444	0.00758060480672036	-98.89924084	26.48423756	-0.87144557505493
2821	1968933.04657	432440.40381	8	8.5	0.00479649	-0.0881757456779784	0.043613145	111.936540165009	0.00953222381001863	11.6907053343617	0.022533662551729	-70.65248137	41.41996486	-0.130736124184394
2817	1768933.04657	432440.40381	8	8.1	0.03852446	-0.00779018336224685	0.09994534	106.295514516341	0.00829585656707426	9.80673094721845	0.019259260400183	-73.1232136	41.84602724	0.796303000895859
1036	318933.04657	-617559.59619	8	8.4	0.220648735	-0.158351661527484	0.22334708	105.280450603901	0.00402235525679189	17.4788464718522	0.0006480647732899	-92.33144491	34.69110481	-1.2506858598527
3548	2018933.04657	832440.40381	8	8.1	0.01893788	0.0002183237649541	0.053614215	94.8881425521313	0.00836876304400113	6.51923091697674	0.0170378338028745	-68.5919507	44.55846384	-1.91342167185145
1782	1318933.04657	-167559.59619	8	8.4	0.08587057	0.0337697810319869	0.030291505	89.7118603892815	0.00501010592150015	11.7525643277436	0.00944246199753654	-80.09510511	37.63568192	-2.54314324455278
2811	1468933.04657	432440.40381	8	8.1	0.341594735	0.00253463160952006	0.04015667	79.1134630411099	0.00973583502385504	7.90673092618967	0.0113993484204001	-76.88859943	42.4038473	-5.30750045170388
3668	-1281066.95343	932440.40381	6	6.2	0.045201575	-0.0646859149079522	0.036498185	30.01698767241	0.00227345124621376	6.22195524580251	0.0121464079602995	-113.94267117	46.86383189	-3.01135299909963
419	1368933.04657	-1117559.59619	8	8.5	0.049064815	-0.113742592904107	0.092267085	109.467843731754	0.000330127922516515	21.9382482196531	0.0143559173318271	-81.26717093	29.51906353	3.58498486515764
61	1468933.04657	-1617559.59619	15	15.4	1.8e-06	-0.133940998107744	0.000694965	107.58525854884	0.00535895230874997	25.3407054742177	0.0178690778216046	-81.0502644	25.06032198	-1.82712935193818
521	968933.04657	-1017559.59619	8	8.3	0.375148335	-0.118337466100766	0.04302442	120.285899198972	0.000515152415644814	19.6330131384043	-0.00032571394522529	-85.40986795	30.83938965	-0.255787092881465
1454	1318933.04657	-367559.59619	8	8.3	0.37710314	-0.0171357959824691	0.144461115	93.4942325397562	0.000517471214834795	15.6750002828164	0.0126705551718564	-80.48619376	35.9555033	2.27432574614153
2122	1518933.04657	32440.40381	8	8.3	0.129080635	-0.0631150198579094	0.542914535	93.541347776468	0.00548144465002806	13.8351765091662	0.0140991616509051	-77.2697012	38.99804854	-1.74876959603983
2161	-731066.95343	82440.40381	9	9.4	0.232037665	0.0289704860026611	0.092508335	37.3903853037418	0.00105824040584984	7.77692322086734	0.0130535331181615	-105.16604009	40.3988016	-1.60977449713611
4289	-531066.95343	1282440.40381	9	9.2	0.850032725	0.0227040844038547	0.019153055	35.7075326599372	0.00369472545508154	3.000801338456	0.0136805551034774	-103.92550793	50.68314649	-0.0368549743440694
3428	718933.04657	782440.40381	5	5.2	0.01859291	-0.117084844470408	0.017928295	71.8483985555478	0.00976912690693358	5.66794881619847	0.0130598989020371	-86.06867848	46.30392771	-9.30715576940642
985	1468933.04657	-667559.59619	8	8.5	0.00402735	-0.0480517051125132	0.029322095	106.130130052567	0.00595633180268813	18.8608977443133	0.00806312460757025	-79.36974955	33.20840813	3.79502846227957
245	68933.04657	-1267559.59619	9	9.5	0.320267965	-0.115148166691493	0.06543105	92.4012836393638	0.00570083728412935	21.5967951585085	0.0091617912645086	-95.26473042	29.13963297	-1.52912591421255
2375	1568933.04657	182440.40381	8	8.3	0.58085969	0.0280317477488367	0.20639251	100.831091373395	0.0077199926612885	11.2644232617787	0.013032274208246	-76.29100608	40.15884169	-2.52268721962557
2294	1718933.04657	132440.40381	8	8.5	0.03966507	-0.0982848742469921	0.133574035	100.739104241133	0.00264328089450291	12.9377406063573	0.0183106773289961	-74.60712253	39.47121075	-1.16012426375273
1554	-1881066.95343	-267559.59619	6	6.2	0.007976465	-0.155962819117345	0.005741405	35.831090271664	8.73990902053933e-06	12.7961540550758	0.0163457081819838	-118.19397057	35.84420931	-5.92136079095528
1699	1268933.04657	-217559.59619	8	8.4	0.19035816	0.06360589830985	0.04473452	92.8775654247938	0.00430289259165109	11.4375002030522	0.0101402331624312	-80.78343214	37.28554147	-0.307878508743953
2968	318933.04657	532440.40381	8	8.1	0.473693465	-0.0699267862397346	0.024398355	69.1387832424579	0.00614055256217811	7.83205142877518	0.00951204393792569	-91.73693248	44.44624254	-1.92591495844892
2076	-781066.95343	32440.40381	6	6.2	0.002933785	-0.0833801482679224	0.01334672	37.2942314912111	0.0068382344597817	-0.266987190008737	0.0127608216658111	-105.72457628	39.93494955	-2.83582318868186
1938	718933.04657	-67559.59619	8	8.3	0.598589865	-0.135010450249258	0.042539295	97.1839761978541	0.00947430824782425	12.6740386758764	0.00861480363373628	-87.16004373	39.14234001	0.0968433516365996
2799	868933.04657	432440.40381	8	8.2	0.77657603	-0.0475823891437162	0.04416301	70.5560909815324	0.0112389062932711	8.71442323068205	0.0117766084235854	-84.59449881	43.21813453	-1.83152599184864
1024	-281066.95343	-617559.59619	9	9.4	0.63332535	0.158937690123437	0.028841795	55.503526746964	0.0026435486517725	17.5221156325096	0.00637663824166199	-99.23335751	34.70289451	2.79955818387621
2797	768933.04657	432440.40381	8	8.1	0.37465484	-0.0633582603697769	0.09586584	75.3733987533129	0.0130448033320085	8.7294873626043	0.0117667440068453	-85.89653221	43.31391043	-0.624449368674129
2354	518933.04657	182440.40381	8	8.2	0.840783735	-0.0121903274042689	0.04727439	79.2714755382293	0.00816468013033831	10.5500001695771	0.00675377801585222	-89.39626811	41.39227359	-2.64899800870533
2638	1718933.04657	332440.40381	8	8.3	0.0092759	-0.0343771242982897	0.414552885	109.683014732141	0.00869867448106298	10.9568912139377	0.0187962815853593	-74.04051994	41.1221102	-1.20691179148146
1203	968933.04657	-517559.59619	8	8.4	0.270982835	0.0920087588999379	0.07059873	117.394232898186	0.00667699567191258	15.4233976739387	0.000677439509823635	-84.76506346	35.10742541	-1.66580173040947
337	-231066.95343	-1167559.59619	9	9.4	0.004283885	-0.1597118632219	0.03271676	69.4160267758446	0.00638419753397195	19.6565708323167	0.00313824525161392	-98.49218303	29.98362165	-0.148507831641598
3831	2368933.04657	982440.40381	5	5.3	0.0217414	-0.00396313997002705	0.065596215	120.839425340677	0.014050594602481	6.80608986330051	0.015290143489108	-63.50165036	44.84469418	3.13959372616481
2815	1668933.04657	432440.40381	5	5.3	0.023065395	-0.0440083279598687	0.02144774	101.926444039895	0.00858063853485698	8.8011219554927	0.0156760194540806	-74.37079509	42.04290032	-0.943722790352275
2291	1568933.04657	132440.40381	8	8.3	0.51749564	0.0613914281892373	0.082118635	99.8516042843843	0.00562573455219769	12.0817309849394	0.01441049386982	-76.41889667	39.74401912	-0.106615253377207
549	-531066.95343	-967559.59619	9	9.4	0.18182715	-0.048792162944807	0.016304385	31.5317312877577	0.00291918343693675	18.5897438144072	0.00947839231869318	-101.85514144	31.59727541	-3.37925207964662
710	1318933.04657	-867559.59619	8	8.5	0.00406603	-0.0546448482617896	0.0462516	99.7884629139533	0.000420317496817461	19.8496797879537	0.00775210021701456	-81.38527327	31.72262165	-1.92201649572363
1671	-131066.95343	-217559.59619	9	9.4	0.75713334	0.189965747598753	0.03766159	67.8532064736654	0.00642357051369096	14.0586540944253	0.0104249774691704	-97.58519707	38.14412667	1.04919193352959
1797	-2131066.95343	-117559.59619	11	11.1	0.195166555	0.246509287458676	0.04900015	46.1115392539173	0.000160883953849057	13.7849361606133	0.0172366770536231	-121.47814145	36.55277848	4.14160667937793
514	618933.04657	-1017559.59619	8	8.3	0.123339015	-0.0168992272106916	0.065355035	125.123399675466	0.00383904809627436	19.1929489970207	0.00178518172751515	-89.21856671	31.11616294	0.326483033959235
2461	1568933.04657	232440.40381	8	8.4	0.3537556	0.153249849927453	0.10302197	98.1900657018026	0.00900862468745133	10.4237181950026	0.0148755728292292	-76.16145853	40.57336932	0.521309123439972
2547	1568933.04657	282440.40381	8	8.4	0.12280658	-0.0509099269995924	0.08075224	96.7681907812754	0.00850041681725818	9.85528865677472	0.0158525738151408	-76.0302221	40.98761889	-1.81694646179141
2462	1618933.04657	232440.40381	8	8.3	0.359952015	0.0661647587361536	0.23917506	104.027565822387	0.00725443059602505	10.9216348042306	0.0180631234168768	-75.54837806	40.48401769	-1.71028050161762
265	1268933.04657	-1267559.59619	8	8.5	0.154707465	-0.118071921457121	0.299608585	112.18974566345	-0.000386023356271301	22.7599362287766	0.0157244310495958	-82.55561088	28.35740928	2.64427559811582
905	1068933.04657	-717559.59619	8	8.3	0.153113155	0.0410199042331909	0.079631655	96.2939118651243	0.00049182583199376	17.8432694948637	-0.000272538705186089	-83.91185813	33.30226978	1.54270650025614
294	118933.04657	-1217559.59619	8	8.3	0.15725807	-0.132290307564044	0.07016768	109.572437822819	0.00623033079741052	21.1951926029645	0.00667563694201286	-94.72428291	29.56932098	-0.0433650731017643
1993	-731066.95343	-17559.59619	9	9.4	0.012558595	-0.119927573859535	0.31584813	37.2557698755692	0.00284773350138185	6.94070525801717	0.0150260034025822	-105.04675707	39.55494435	-4.32155343916197
416	1218933.04657	-1117559.59619	8	8.5	0.304226335	-0.0753503522483859	0.047375575	114.96602782225	0.000113774664287852	21.1384618985347	0.0092119910928484	-82.85967389	29.70976647	1.81303483841786
175	1368933.04657	-1367559.59619	8	8.5	0.6131914	0.00726042296646313	0.10343676	114.793592002147	0.00230562402032662	23.1980773271658	0.0162171655464818	-81.67068903	27.3660921	-0.62795740874001
2533	868933.04657	282440.40381	8	8.1	0.72387708	-0.193867199143231	0.048267305	82.4496808877358	0.00962736764295905	9.58397453416807	0.00923366171583808	-84.82548767	41.95784189	-1.86234526420642
3359	1868933.04657	732440.40381	5	5.3	0.02051448	0.2394158168177	0.044475915	112.340386733031	0.00959214233556306	5.36185906091944	0.0175107858127598	-70.8807518	44.09175825	2.19003312208699
1059	1468933.04657	-617559.59619	8	8.5	0.08809832	-0.123866561835704	0.09259726	105.394553126433	0.00345923026259028	18.2782054512929	0.00615679477012312	-79.27088269	33.63086121	3.13381126432124
3535	1368933.04657	832440.40381	5	5.2	0.13742898	0.143269222987279	0.02245175	72.3628218296247	0.0135887601673961	5.44775650368478	0.0155098282775777	-77.13339805	45.88917665	-6.80358399911686
82	1518933.04657	-1567559.59619	15	15.4	0.06895236	-0.0897485647997315	0.139019805	116.860258423556	0.00497818735450292	25.2455131854766	0.0185759810118578	-80.46763165	25.42508076	-4.67614880411183
1849	468933.04657	-117559.59619	8	8.3	0.39354334	-0.153791653322525	0.30259468	84.1298092206319	0.00468215094466953	14.0576925707074	0.00690013156829558	-90.2616447	38.88218145	-1.84643751930833
293	68933.04657	-1217559.59619	9	9.5	0.26454218	-0.115631439921901	0.58549008	100.518270835663	0.00561692483072859	21.1092951939656	0.00728819911706479	-95.2605706	29.57393376	0.399760193660548
400	418933.04657	-1117559.59619	8	8.5	0.21236388	-0.202552810052627	0.045980845	128.13205349751	0.00328934894639952	20.6003208007568	0.00642244455154496	-91.4581532	30.35613004	-3.2135054030078
2092	18933.04657	32440.40381	9	9.2	0.80906862	-0.059367633824246	0.022295035	67.2849371829906	0.00529803622621395	11.8868591954024	0.00792911040253865	-95.76344661	40.27463024	0.50016442165659
2436	318933.04657	232440.40381	9	9.2	0.78097214	-0.0600210049743399	0.09550459	77.9038475278096	0.00767290094285419	10.3339745404963	0.00962718248676412	-91.90983491	41.91037294	1.78959764548514
1453	1268933.04657	-367559.59619	8	8.3	0.32344444	0.239722543798879	0.06225329	99.5054505459773	-0.000240581920384945	13.2022438309609	0.00944378885903467	-81.06444345	36.02371162	-0.695661077913146
62	1518933.04657	-1617559.59619	15	15.4	0	-0.133942433982509	0.00923606	116.860258423556	0.00497818735450292	25.2455131854766	0.0185759810118578	-80.5502201	24.98984408	0.153846829585591
1952	1418933.04657	-67559.59619	8	8.4	0.368818285	0.0872357847496551	0.06201051	88.9173091583145	0.00516628617126869	12.9381412669109	0.00825395410346038	-78.69689206	38.32458531	-2.16232384162741
3509	68933.04657	832440.40381	5	5.2	0.147154265	-0.14731004287493	0.019466255	57.6416676717882	0.0101991505798284	4.95208344379297	0.0139566830367591	-95.03725424	47.04390835	0.60723623129515
1196	618933.04657	-517559.59619	8	8.3	0.309671335	-0.0153141771160763	0.033697505	117.049040335875	0.00815885359030106	15.7512822774693	0.000916423682036838	-88.80343683	35.39774497	-0.949488943135768
2024	818933.04657	-17559.59619	8	8.2	0.777888815	0.0252565466137723	0.10150889	97.0555305075951	0.0106355123848481	11.8496797020511	0.006345557757855	-85.87373813	39.4797043	-0.438459996068541
3443	1468933.04657	782440.40381	8	8.1	0.359224695	-0.00756398524378341	0.132879185	75.4825333402707	0.0122905201335461	6.20048090019144	0.0160143080644058	-75.93858064	45.30223547	-2.10436754709384
40	1418933.04657	-1667559.59619	15	15.4	0	-0.133942433982509	0.017192425	104.925322181903	0.00662769788195943	25.7211542374048	0.0182141892249725	-81.62774667	24.6919168	-2.94635869236073
3435	1068933.04657	782440.40381	5	5.2	1.71e-05	-0.143424332200829	0.000639	72.613142264195	0.0141406930232338	5.75673088412254	0.0135018681933072	-81.29853344	45.91983193	0.303388897990664
2444	718933.04657	232440.40381	8	8.1	0.39328459	-0.206468922121793	0.10216254	84.5506424414806	0.0113616501506306	10.3086540437518	0.0102320438571251	-86.80326082	41.6731931	1.10203591951632
705	1068933.04657	-867559.59619	8	8.3	0.433372115	-0.0210227623431879	0.03406108	101.589424830217	-0.00144318758350399	18.5519234003165	-0.000446496901715951	-84.12324664	32.02271472	-0.699973259560771
3877	-31066.95343	1032440.40381	5	5.2	0.61695448	-0.0418359967683596	0.013630685	47.6383021345887	0.00739096362629867	3.72644236707726	0.0126703841385795	-96.44707863	48.74326397	-1.8372282485619
2539	1168933.04657	282440.40381	8	8.1	0.268246395	0.0976128422988047	0.110493655	86.4418284403972	0.0102795095802003	9.83189116296573	0.00918374411121887	-81.02332126	41.60860798	-1.70239875489404
3441	1368933.04657	782440.40381	5	5.2	0.092262375	0.120845661047086	0.01911076	74.8073730682715	0.0135118077390121	5.19214753700922	0.0156279481788342	-77.26778803	45.4742123	-7.75437133854843
319	1368933.04657	-1217559.59619	8	8.5	0.1027013	-0.110942765621793	0.524883975	109.970194159792	-0.000794576182069488	22.5929491030864	0.0154724119312952	-81.4312537	28.66000535	2.06951874079848
2698	318933.04657	382440.40381	8	8.1	0.84022972	0.012332147930268	0.02776002	76.5016035827307	0.00712942203444813	8.44551295720232	0.00816309127770333	-91.82517197	43.17846978	-1.13271846219571
3262	1618933.04657	682440.40381	5	5.3	0.00084696	-0.0491143914050649	0.014876225	89.3733989397685	0.0105939282780467	5.63044884022421	0.0162476559480929	-74.26643959	44.19898365	-0.186147959632976
2355	568933.04657	182440.40381	8	8.2	0.84879809	-0.0540137769810142	0.04948776	79.2233989208173	0.00939249875072224	10.5522437603093	0.00744415840862076	-88.7623502	41.36139393	-6.23444355904506
4435	-631066.95343	1382440.40381	9	9.3	0.868018115	0.0278940993866476	0.012348485	31.9038467781666	0.0011903576260289	2.75032057071057	0.0131340392467873	-105.55870212	51.45509548	1.74859416241173
3605	268933.04657	882440.40381	5	5.2	0.005483515	-0.178564147256547	0.019537445	63.2932704259188	0.0109864470182102	4.26987189844919	0.0152591076353594	-92.21797975	47.42525424	-2.83896557438554
2832	-1981066.95343	482440.40381	6	6.2	0.22414114	0.259072861943297	0.01001745	55.9570522595388	0.0008083563026825	8.10608988766296	0.0107816341913035	-121.66636003	41.80071764	0.549931174339147
2809	1368933.04657	432440.40381	8	8.1	0.40760725	0.00629063642768662	0.030569285	82.8346168077909	0.0129783079739765	8.15288477546225	0.0111063242582941	-78.15806132	42.56773914	-2.68230041717241
1867	1368933.04657	-117559.59619	8	8.4	0.23779233	0.0939495307191937	0.032661115	89.4503220671263	0.00497705922436456	12.9788463802244	0.00972664530040708	-79.39960399	37.98204312	0.569338034680733
2806	1218933.04657	432440.40381	0	0	0.4163523	-0.145875848335616	0.01921146	84.6224375688113	0.0149767990979101	8.60608989573442	0.0120405481249019	-80.07432831	42.79260994	-0.894375799719516
1124	918933.04657	-567559.59619	8	8.4	0.26535141	0.0499995666315151	0.04923035	120.428848057221	0.00622572192012039	15.3766028115717	-0.000135976668229797	-85.4043743	34.73185312	-2.44567575790242
1328	-881066.95343	-417559.59619	6	6.2	0.011664765	0.26062374177775	0.01284848	34.0487185080942	0.00206393732316863	8.43333349773326	0.0129108584916459	-106.3505929	36.04094796	-2.8577625125047
403	568933.04657	-1117559.59619	8	8.5	0.0062563	-0.21588931990299	0.078257745	128.704809803611	0.00421562576441104	20.4756413193849	0.00276092711364527	-89.83591214	30.28282511	-1.1252110358383
1194	518933.04657	-517559.59619	8	8.3	0.65399569	-0.00044824168819758	0.04680422	112.944232784785	0.00752162069287958	16.6756413081565	-0.00027448628547285	-89.96273125	35.45731237	-1.32293193779569
3073	1068933.04657	582440.40381	8	8.1	0.286093225	-0.157365013269189	0.01049965	74.4721165559231	0.0130090531544814	7.49038471446301	0.0139198619453106	-81.7099521	44.24701957	-3.9913409159691
2702	518933.04657	382440.40381	8	8.2	0.68970392	-0.0766412981264974	0.14240986	72.7169884534983	0.00810280606442594	7.97820529597214	0.0104086043284585	-89.21439351	43.08069534	-3.12227110117094
2663	-1431066.95343	382440.40381	10	10.1	0.01091002	-0.116889628302615	0.00254811	25.6310901817603	0.00220182209766495	8.10865399277268	0.00996148582942944	-114.506036	42.05216494	-1.41090119614076
392	18933.04657	-1117559.59619	8	8.3	0.41606869	-0.0104500695744747	0.05821368	98.1474374479208	0.00588844918629393	20.8599362052404	0.00542161757744038	-95.79458121	30.44284487	0.711102288097565
1870	1518933.04657	-117559.59619	8	8.3	0.132530705	0.0264695117740608	0.176946635	95.0448733886274	0.00614366978956336	14.553846408016	0.0101662708554833	-77.6236993	37.74810735	0.762009049723877
3341	968933.04657	732440.40381	0	0	0.010158375	-0.125736510731364	0.001253885	71.3160268160013	0.0140749824774133	5.8737180697469	0.0124168615258584	-82.75048195	45.62548374	1.10598366439583
2132	-2181066.95343	82440.40381	11	11.1	0.050163265	-0.172790343591565	0.09005909	78.2439111942569	0.00198956546777405	14.7291669173118	0.0195208361012963	-122.70217539	38.07505555	-3.8819633916957
1926	118933.04657	-67559.59619	9	9.2	0.71221359	0.00251588294497612	0.110443955	85.2447129390083	0.0062617222276644	13.0182694231447	0.0101540235071696	-94.53346995	39.41914446	0.267913831548738
3467	-2031066.95343	832440.40381	7	7.1	0.154631015	-0.0972419167299165	0.043178695	116.338864213166	0.00158254785872233	11.1165867406779	0.0142613841901451	-123.5636697	44.52911268	1.28781025860429
2025	868933.04657	-17559.59619	8	8.2	0.63171716	-0.023206036323966	0.038831595	99.2051298801716	0.0103722268650747	11.8810899418134	0.00722033035974215	-85.26060515	39.43312106	0.231475340546172
2101	468933.04657	32440.40381	8	8.2	0.70247567	0.033025792461011	0.029135835	84.7375014317341	0.00804003524580428	11.4195515230203	0.00578007530914298	-90.1484848	40.15212747	-1.01806986175157
4358	-781066.95343	1332440.40381	9	9.3	0.496672515	-0.0257440376175406	0.01252404	28.373718437476	0.00140451661070736	4.05737185977304	0.01232252496688	-107.71656479	50.8869951	-0.883297408578521
2100	418933.04657	32440.40381	8	8.3	0.70096347	0.0260406086910998	0.025586545	87.1169885274691	0.00873784428215366	11.3564104635077	0.00559178778799037	-90.77106283	40.17688128	-0.445510173558106
2528	618933.04657	282440.40381	8	8.2	0.08981671	-0.213670819347566	0.64483156	79.1017642059387	0.012198347307494	9.52724377154253	0.0111076879854226	-88.02231134	42.17124932	-1.85388230500027
3606	318933.04657	882440.40381	5	5.2	0.00035662	-0.182571387225064	0.007112395	64.2190715678227	0.0107818695760549	4.01522443694277	0.0148128943073421	-91.51579342	47.40677575	-0.643790477566386
2463	1668933.04657	232440.40381	8	8.3	0.28787695	-0.0215576386703176	0.281060145	104.078687687715	0.00676177580510976	11.9822117247595	0.0190590969464455	-74.93703051	40.39198569	-1.11456811406684
3376	-1881066.95343	782440.40381	6	6.2	0.078170645	-0.119865759637101	0.01662663	63.6808505371894	0.00290918799482365	7.91057708602733	0.0143276568480617	-121.4508383	44.47276344	3.36184520457719
611	-531066.95343	-917559.59619	9	9.4	0.25339969	0.0255241681943921	0.050551575	30.2654652120366	0.00303454736651263	18.5971156469522	0.0120202393156072	-101.88934465	32.0274248	-5.87936804277223
2704	618933.04657	382440.40381	8	8.2	0.1310566	-0.179995754409167	0.341903635	72.9383826670356	0.0107440774416417	8.6745193822978	0.0118001050151097	-87.91261319	43.01439153	-2.49758093379897
2755	-1331066.95343	432440.40381	10	10.1	0.372071475	0.228236188935706	0.01384519	22.2028849663643	0.00193134117144355	8.87564119882882	0.0111682623307481	-113.359522	42.62688768	-3.24137759242465
173	1268933.04657	-1367559.59619	8	8.5	0.041181765	-0.129801688774312	0.18006939	110.426284048038	0.00249591243138119	23.2441510030857	0.0153901546888615	-82.70323722	27.49307983	0.229218609705106
2282	1118933.04657	132440.40381	8	8.4	0.4490689	0.154614568365013	0.04248162	90.350802672215	0.00720226345434943	10.791186077962	0.00736000397763145	-81.93714941	40.41764806	1.58831034612938
977	1068933.04657	-667559.59619	8	8.3	0.19104676	-0.0391182162429857	0.25663827	103.819232436327	0.00149692605745663	17.0942310797863	0.00193269647087251	-83.83972237	33.72773855	1.69190388235225
1939	768933.04657	-67559.59619	8	8.3	0.184786035	-0.112490321667655	0.04938468	99.2834953512901	0.00976260536264965	12.127724579428	0.00659957488324463	-86.54918153	39.1014691	0.998271969325981
1796	-2181066.95343	-117559.59619	11	11.1	0.0043718	-0.168644799555773	0.028124105	86.5897453707189	-0.00121624904845978	12.7272438192979	0.0167054402288819	-122.04659963	36.43839863	0.0055033197502885
2725	1668933.04657	382440.40381	5	5.3	0.081720445	-0.0271473848448036	0.0688194	103.410418424851	0.00870194711174193	9.2168270879043	0.016241590976989	-74.51514032	41.63056361	0.235466677258422
2546	1518933.04657	282440.40381	8	8.4	0.479220165	0.200618009338105	0.077984395	92.5278862500802	0.00658522303580166	9.66955146413201	0.0116319707596482	-76.64882656	41.07481478	-3.06987180929883
3418	218933.04657	782440.40381	5	5.2	0.076333915	-0.163094616258504	0.01441764	61.93349488347	0.0102497745910984	5.46282061708805	0.0163979662071427	-92.96558838	46.59351731	-0.451786147018751
3574	-1281066.95343	882440.40381	6	6.2	0.09635579	0.142700998185065	0.0085909	26.5294876690858	0.00106648621026962	4.7198718845701	0.0129811274378848	-113.81263752	46.44774792	-1.13294044167537
1226	-1881066.95343	-467559.59619	11	11.1	0.015026555	0.150887926988607	0.31719273	46.6724366823641	-0.00440879259102739	12.9317310192646	0.0199568671662957	-117.66425545	34.17999053	-1.68216128606911
2564	-1981066.95343	332440.40381	6	6.2	7.2e-06	-0.16928938620506	0.00372492	72.7858987266962	0.000477182692777771	8.74775655078105	0.00965261644824347	-121.16276325	40.57583201	-0.562520503708308
1110	218933.04657	-567559.59619	8	8.4	0.2450387	-0.0420317750242244	0.026317225	99.5730786522229	0.00575052612384151	16.9887823332579	0.00347065181001641	-93.46566289	35.14637207	0.556123796665497
3087	1768933.04657	582440.40381	5	5.3	0.03175123	0.198765641406755	0.03497382	103.246476130608	0.0135483768639965	6.96891038690527	0.0187536243106509	-72.65488834	43.07783632	-2.79417323662495
2792	518933.04657	432440.40381	8	8.2	0.71527537	-0.0551853637092757	0.03550352	71.7897449332552	0.00774865239515281	7.99238795636055	0.0103004315006609	-89.16735141	43.50261904	0.0761853432251769
1940	818933.04657	-67559.59619	8	8.2	0.50357193	-0.225128752441773	0.052824785	98.7657066858732	0.0107955586004959	11.9471155912257	0.00691819107666061	-85.93910578	39.05787693	-0.328554769723632
3254	1218933.04657	682440.40381	8	8.1	0.07443195	-0.119358671858503	0.025730885	90.5580144356459	0.0157336228519928	6.66554500939898	0.0150123366197961	-79.51173331	44.87690892	-3.84292396837821
2639	1768933.04657	332440.40381	8	8.1	0.002715645	-0.122482316293169	0.30737173	104.113222866486	0.00827580935166667	11.9260418898342	0.0207968381835502	-73.42532489	41.02355768	-2.20673759494365
1361	768933.04657	-417559.59619	8	8.3	0.152177165	-0.108108414945046	0.242951305	108.876925069552	0.00953259610428184	15.5067310338744	0.000324125327456443	-86.9581831	36.13860182	0.647018924630838
2041	1668933.04657	-17559.59619	8	8.5	0.32658249	-0.0374540657067556	0.05651872	98.1269247829914	0.00265390809036485	14.1381412625838	0.0143858621036545	-75.60508013	38.32146943	1.4159705054243
1266	118933.04657	-467559.59619	8	8.4	0.45780919	0.125137606303607	0.03099304	96.8802901069896	0.0061008005856329	15.4726765497755	0.00703658975270904	-94.60599328	36.01769096	-2.87677753680814
2597	-331066.95343	332440.40381	9	9.3	0.047541305	-0.174172067925575	0.007449515	46.5820520722713	0.00636732050750376	8.55480782496623	0.00880671412596535	-100.30375207	42.75126283	-1.91272904044487
4675	-631066.95343	1582440.40381	5	5.4	0.62658965	-0.000795934421324684	0.02310068	36.2641033066962	0.00569076990955529	1.09631413541352	0.0138147012647653	-105.87310215	53.16128007	-3.22803245905988
2290	1518933.04657	132440.40381	8	8.3	0.616601585	0.0803814978691899	0.11470385	96.0362196067969	0.00741549260398692	12.10817329059	0.0132860145744329	-77.02612957	39.82964209	-1.95611329630155
2446	818933.04657	232440.40381	8	8.2	0.76292279	-0.180283220904561	0.07174338	81.2150656107144	0.0107981095109885	10.3495194214778	0.0113055867059673	-85.53378444	41.58555079	6.01238963581894
2292	1618933.04657	132440.40381	8	8.3	0.34485303	-0.0339429419676228	0.24981138	101.031091576967	0.00444869675947566	12.4483976339778	0.0166287765477089	-75.81328953	39.65573299	3.64491566105034
3090	1918933.04657	582440.40381	8	8.1	0.022465865	-0.0207455937233889	0.149778565	99.4176299113494	0.0109433572082143	10.0192309996018	0.021519633818449	-70.76414636	42.75617085	0.916388237292809
2635	1568933.04657	332440.40381	8	8.1	0.13284056	-0.0296450957219213	0.15255612	93.9070529418114	0.00852184258995207	9.30625018120433	0.0157379188838902	-75.89726407	41.4016075	-1.51714777331085
2529	668933.04657	282440.40381	8	8.2	2.988e-05	-0.235258038454705	0.03209394	71.0801292871818	0.0116599994579683	9.92115404117757	0.0111279982884887	-87.38125446	42.13425444	3.05597847965418
2907	1768933.04657	482440.40381	5	5.3	0.030261005	-0.0174983037713483	0.07706481	104.681572382267	0.00983964932466808	9.13108990574256	0.0192263713930088	-72.9691655	42.25686617	-1.34275350256087
2997	1768933.04657	532440.40381	5	5.3	0.04634924	0.0190332788441939	0.0493548	104.447758265031	0.0112713087634163	8.08333348841048	0.0179198332312999	-72.81307048	42.66746352	0.132414645624923
2883	568933.04657	482440.40381	8	8.2	0.638679265	-0.0786770855381124	0.07566379	68.5503216722073	0.00722802925011474	7.97131423083827	0.0120100161559638	-88.45939257	43.89237109	-2.36576936423202
826	618933.04657	-767559.59619	8	8.3	0.109135975	-0.124936441786855	0.034905685	118.665547189709	0.00714307622646664	17.4134618273148	0.00233039736872564	-89.01715506	33.26311782	-0.736193572838084
2038	1518933.04657	-17559.59619	8	8.3	0.09761597	-0.0838946952644643	0.209945225	91.6583349292095	0.00419052968609699	14.6477566393427	0.0135611017387096	-77.38918692	38.58175799	2.10518962375452
3286	-1781066.95343	732440.40381	6	6.2	0.01549991	0.0208437816925499	0.001388705	28.8131414850792	0.00345610465816538	7.33477576029224	0.0137356848500764	-119.98920863	44.28216182	-0.345566789408869
177	1468933.04657	-1367559.59619	8	8.5	0.511956935	-0.0071054203002519	0.10946116	113.596796861062	0.00363844263934291	23.7993593246509	0.0173610240791158	-80.64155553	27.22963535	-0.255016774951977
585	1268933.04657	-967559.59619	8	8.5	0.018198995	-0.0372524567221802	0.018990275	106.764424846723	0.000490332664002874	20.0634618309828	0.00480982432706243	-82.09253216	30.93386013	1.17640070392728
1773	868933.04657	-167559.59619	8	8.3	0.425707065	0.00126668252903098	0.25476315	106.685418460614	0.00895753171925272	13.3147438093781	0.00553460286671146	-85.46575086	38.1676373	0.541794431573228
2621	868933.04657	332440.40381	8	8.1	0.67954601	-0.029649515986413	0.059251995	78.275321723559	0.0110138796769286	9.28141043139383	0.00880633518658472	-84.7495331	42.37804516	-1.60074325120275
4788	-1081066.95343	1732440.40381	5	5.4	0.819973315	0.0337860697855647	0.033344165	36.9714750143198	0.000885461989701246	3.04070519622511	0.0108109481936587	-113.21551539	53.88890662	2.61899211706702
729	-931066.95343	-817559.59619	10	10.2	0.00012155	0	0.003759115	21.3871798255266	0.00696447512118925	17.1195515424777	0.017215171354266	-106.41888394	32.58935345	3.17630230714703
3166	1218933.04657	632440.40381	8	8.1	0.365022115	-0.0236389769570994	0.054366285	84.319472575799	0.0151536135948735	6.68076936436745	0.0147769370128645	-79.62737844	44.46018769	-2.31627316865017
3077	1268933.04657	582440.40381	8	8.1	0.41715479	-0.0287295870412677	0.173971245	76.0428699468955	0.0127842153727131	7.65048091267594	0.0146284035891129	-79.08830267	43.96978883	-1.30377134967536
2707	768933.04657	382440.40381	8	8.1	0.41130876	-0.0846382626740289	0.272839975	79.6150654432101	0.0117415697425104	9.46698735409583	0.00991495279310125	-85.96581059	42.89326669	-2.38420383893689
2812	1518933.04657	432440.40381	8	8.1	0.29072519	-0.0084970937972982	0.06021914	84.3772449004344	0.0119355253613088	8.80224375849446	0.0119292908052058	-76.25643536	42.31773937	-2.64411940580684
152	1518933.04657	-1417559.59619	15	15.4	0.09978101	-0.115571830393742	0.38533821	134.694232747341	0.00436834712538037	24.3089747245495	0.0178998994447019	-80.21453194	26.72586237	3.3069481921451
219	1268933.04657	-1317559.59619	8	8.5	0.013587335	-0.135032363114078	0.474392805	114.614425228956	0.00173387807442147	23.0432695394907	0.0152393862962277	-82.62982883	27.92560762	2.73638713972808
1225	-1931066.95343	-467559.59619	11	11.1	0.00927622	0.222993965238151	0.73964029	43.0913469479539	-0.00304931730357749	14.4336541432601	0.0196645186513737	-118.21950035	34.08173607	-1.71745705363682
657	-1331066.95343	-867559.59619	12	12.1	0.00242365	-0.0647295155863219	0.011934525	31.7102570198954	0.000541442226090749	16.7663464179406	0.0228407551194979	-110.74703005	31.70648463	-2.56682771781137
1783	1368933.04657	-167559.59619	8	8.4	0.17443773	0.199686111790434	0.03794014	88.3756427342693	0.00436079913851133	13.0262822572094	0.0104360845314289	-79.50404359	37.56335927	-0.574794825797109
1291	1368933.04657	-467559.59619	8	8.3	0.269201765	0.00155936212837129	0.0357525	96.1766039744402	-0.00105097136342685	16.3041669829534	0.0123874361579862	-80.104338	35.04283232	1.59581067691363
2536	1018933.04657	282440.40381	8	8.1	0.02333238	-0.241976596766109	0.007276825	78.8219564572359	0.011712637451449	10.1173078478314	0.00874916328957834	-82.91911083	41.79584483	-1.6860275952106
3256	1318933.04657	682440.40381	5	5.2	0.019360515	-0.122176426571811	0.012747085	80.3586553732554	0.0129214276798942	6.05416678150113	0.0147535390115666	-78.1895041	44.72466533	-5.51574189421296
1543	1668933.04657	-317559.59619	8	8.5	0.28146186	0.138702478721598	0.0162514	111.133335561324	0.00821702705162289	16.7012823636715	0.00931579119096708	-76.35362806	35.82413398	-4.00176304871779
103	1468933.04657	-1517559.59619	15	15.4	4.05e-05	-0.133763102188208	0.001678135	129.630130978731	0.00544827112915155	25.0189105853056	0.0185497973523261	-80.88939687	25.93046339	-0.806324503341116
2893	1068933.04657	482440.40381	8	8.1	0.213132925	-0.218758830988208	0.00833112	79.1229180326829	0.0137257475203709	8.53621810255572	0.0130335686517112	-81.90720836	43.41047146	-1.65266088055811
2174	-81066.95343	82440.40381	9	9.2	0.724294375	-0.066418633533398	0.043996125	61.6833344679087	0.00364370125385462	11.1116989119313	0.00782334126172657	-97.01954897	40.69480049	-0.181167826092921
2625	1068933.04657	332440.40381	8	8.1	0.343843105	-0.24528523241526	0.01385167	78.3955140602894	0.0120697495910136	9.53589759349154	0.0103287178431121	-82.19315996	42.15498327	-0.812183024333113
955	-31066.95343	-667559.59619	9	9.4	0.312046255	0.00965586914791592	0.01724319	90.4243606927399	0.00560262767150269	17.566346441706	0.00265656820743068	-96.3553701	34.3154996	-2.46800241918703
660	-1181066.95343	-867559.59619	12	12.1	0.011659125	0.279378199006305	0.002956675	28.3115389077232	0.0038485205348633	16.0858976902106	0.0217692063207327	-109.10757424	31.89576671	-2.20858452553853
2286	1318933.04657	132440.40381	8	8.4	0.237106545	0.00377952187748004	0.12115293	99.0336556159533	0.00450627104120137	10.7548078983807	0.00685659720851611	-79.47043795	40.14531354	0.951958006458442
1843	168933.04657	-117559.59619	9	9.2	0.79685295	0.037575074838606	0.04580285	86.4492001647655	0.00576723274751327	13.1145034299578	0.0074871649421953	-93.93055867	38.9870389	-0.395026044791325
4503	-431066.95343	1432440.40381	5	5.4	0.689925195	0.170730428442596	0.01316198	42.6320520394888	0.00676070312547288	0.481730774928553	0.0131680274260756	-102.59383067	52.02724624	-0.70666092999575
2123	1568933.04657	32440.40381	8	8.3	0.083791585	-0.0732718290308496	0.327032775	98.5131429059383	0.00343469651700901	14.2525643153021	0.0154009112531167	-76.66983076	38.91342256	-1.65841358609903
1364	918933.04657	-417559.59619	8	8.4	0.238467175	0.0350874237715167	0.05317171	120.088143041501	0.00831463131256009	14.5024842087132	0.00319584755756619	-85.20831943	36.00500371	2.85897280930312
1363	868933.04657	-417559.59619	8	8.3	0.35390401	0.0177846978213744	0.055803305	118.439745603464	0.00996303762957708	14.8711541152965	0.00198677870492625	-85.79084653	36.05214937	1.62183865892804
2367	1168933.04657	182440.40381	8	8.1	0.48854975	-0.0300287989561204	0.20326094	86.1798091729482	0.00667982866324152	10.5230771194284	0.0120493514055259	-81.22142255	40.77218586	-0.193498992707242
596	-1281066.95343	-917559.59619	12	12.1	0.01434044	0.0286047502824248	0.01227213	34.2685903960314	0.00169395111201497	16.3333335992617	0.0223820947541426	-110.11953888	31.34555361	-2.93690666135489
3056	218933.04657	582440.40381	8	8.1	0.231024675	-0.143651067243173	0.51973297	66.9025652416241	0.00792538978699308	7.84391039172904	0.0113349561191087	-93.05176862	44.90118266	-5.31847018651747
2464	1718933.04657	232440.40381	8	8.3	0.125830235	-0.0634116449662774	0.45197571	103.61827083123	0.00719332656925591	12.4467950724304	0.0201046995954984	-74.32745915	40.2972839	-1.33776899589777
1375	1468933.04657	-417559.59619	8	8.3	0.321111785	-0.193664652093899	0.12116288	101.835899224075	0.000418915778675564	16.4448720507133	0.00632985295141682	-78.86350499	35.31550972	0.452452730926844
2106	718933.04657	32440.40381	8	8.2	0.779465825	-0.0662070344197011	0.033123995	94.3650656953836	0.0110320852554134	11.9008014750703	0.00640884124875275	-87.04422293	39.98676588	-1.50362095740039
1357	568933.04657	-417559.59619	8	8.5	0.70945033	0.0615852764978964	0.027518235	110.335899375952	0.00866968072009957	15.803525911262	0.00349145168451598	-89.30077876	36.28003839	-2.35157806574724
4288	-581066.95343	1282440.40381	9	9.3	0.85741522	0.0246404363143977	0.049355605	32.5397441509442	0.00185602359905469	3.56057698535136	0.0138071911957465	-104.66772046	50.64585566	0.705462020161618
2703	568933.04657	382440.40381	8	8.2	0.60323895	-0.0940963928574116	0.116648325	73.1762833136779	0.00911503553685974	8.44743607814113	0.0105728520026827	-88.56315204	43.04899138	-0.788261120278122
1032	118933.04657	-617559.59619	8	8.4	0.10189449	-0.0278483109266104	0.01371276	105.365065794725	0.00684238383934506	16.3750002805908	0.00317227696365524	-94.63137406	34.73655745	1.93940153264263
888	218933.04657	-717559.59619	8	8.3	0.270508055	0.030912265665571	0.029893325	112.85112359967	0.00669808087038782	18.1080130953819	0.00381228514751823	-93.51123756	33.86302047	0.680124152097994
2794	618933.04657	432440.40381	8	8.2	0.35660459	-0.149488128089697	0.056600645	70.403527195637	0.00978347444038514	8.85544886057958	0.0129304614471375	-87.85662778	43.43586101	-1.89327092774714
1451	1168933.04657	-367559.59619	8	8.4	0.100018895	0.052636997889745	0.071818645	96.9173091061604	0.00295005179699468	12.0035258622315	0.0041579274566192	-82.22427137	36.15237912	1.21610439599538
1700	1318933.04657	-217559.59619	8	8.4	0.182557545	0.14950039538742	0.12459204	93.9961554186466	0.00494813288678952	11.6442309875423	0.0114505723186456	-80.1946972	37.21622755	-1.44482504267961
2877	268933.04657	482440.40381	8	8.1	0.78392703	-0.0303242111696435	0.068139525	69.9814112362189	0.00882680049674855	7.57147447812634	0.0104636033124527	-92.42972833	44.04105487	-2.02956366741142
2900	1418933.04657	482440.40381	8	8.1	0.48668654	0.0184680503697642	0.135096255	76.5125012504749	0.0108519092477806	8.30496810006503	0.0104629742162544	-77.39633692	42.90219025	-6.22241954705001
2160	-781066.95343	82440.40381	6	6.2	0.003520385	-0.101117529914938	0.00707723	35.8221159317555	0.0038061721916962	1.27756413315924	0.0118649751345114	-105.78862901	40.35651214	2.04504784651367
834	1018933.04657	-767559.59619	8	8.3	0.14719595	0.00513799273449822	0.034895745	105.911219832225	3.94795003900606e-05	18.1051285060552	-0.000642414233537997	-84.53965079	32.92935552	5.07585978457161
2171	-231066.95343	82440.40381	9	9.4	0.783155405	-0.0672671724735474	0.034595705	56.8891034187415	0.00526636885117504	10.6900642503483	0.00235514546738328	-98.90524541	40.66849515	-2.72737211140942
395	168933.04657	-1117559.59619	8	8.3	0.0688336	-0.147995662714326	0.051212785	120.70769450718	0.0057893684180592	20.6778849516159	0.00594265893987243	-94.16734445	30.42888793	3.10060956663976
787	-1331066.95343	-767559.59619	12	12.1	0.001989555	-0.0419214502878137	0.0372243	33.5266031059317	-0.00106449739496015	18.6490387580334	0.0228869779562348	-110.91998099	32.55712826	-1.30513262243339
287	-231066.95343	-1217559.59619	9	9.4	0.056305585	-0.145063638099728	0.42672512	69.6998408419581	0.00616431978971555	20.1325323734528	0.0041303705018204	-98.47808927	29.55005023	-4.15155674974717
2048	-2181066.95343	32440.40381	11	11.1	0.00209712	-0.186959936903458	0.148188585	78.3435909460084	0.000957330365879334	14.2826926096892	0.0195252846385245	-122.53528767	37.66662565	0.675382818364145
1068	-1881066.95343	-567559.59619	11	11.1	0.04317538	0.00613968477652774	0.16444825	29.7144236467922	-0.00618891991223995	17.2041669839468	0.0210235384067734	-117.40860834	33.34461111	-3.5438132496655
2970	418933.04657	532440.40381	8	8.1	0.20715236	-0.133293697819539	0.017974055	70.3250012902113	0.00425870065152609	7.47259630107631	0.0108954214007706	-90.40300189	44.40226096	-1.9229933531472
2450	1018933.04657	232440.40381	8	8.2	0.70259233	-0.241054430177851	0.08817184	79.8690720215822	0.00700149783272373	10.1508014458709	0.00624088347427971	-83.00653752	41.37654535	-3.07560586026229
2541	1268933.04657	282440.40381	8	8.1	0.130404245	0.0584084069867578	0.03904963	95.4825338079379	0.010062062281179	9.32716363152632	0.010697744108559	-79.76604419	41.46986604	-1.35198803808576
123	1368933.04657	-1467559.59619	8	8.5	0.05121748	-0.1274320871293	0.452794295	115.912101280613	0.00404282191346789	24.2301285901131	0.0172660066626265	-81.82601993	26.49974836	0.191461829034933
50	-181066.95343	-1617559.59619	9	9.5	0.790601755	0.123841344113475	0.16765871	49.6663470005808	0.00635168346014123	23.7474362605657	0.00673520944783789	-97.85796017	26.06718283	1.70548906000534
1247	-831066.95343	-467559.59619	6	6.2	0.00096197	0	0.01359186	38.7894237552507	0.00351660043963642	7.59391041572851	0.0123305819781103	-105.70751053	35.66172919	-3.61479230095095
1224	-1981066.95343	-467559.59619	11	11.1	0.007076255	0.00971389777265151	0.09394027	33.4971159328826	-0.00312010347310237	16.7493592948995	0.0206525419587344	-118.77319652	33.98102042	-3.74638696593013
4562	-681066.95343	1482440.40381	9	9.3	0.82575269	0.0261839513914643	0.06888738	32.1979172736024	0.00476662097812005	2.3799680168621	0.0130304556759799	-106.47694159	52.2614296	-1.42011242176743
3449	1768933.04657	782440.40381	5	5.3	0.06238898	-0.0391880470590156	0.03064114	111.22227763824	0.0104143191060681	4.83814113811614	0.0177415706505368	-72.00044749	44.71743189	-1.92587905249377
3384	-1481066.95343	782440.40381	6	6.2	0.00090574	-0.138813756491162	0.00171036	57.6740394647305	0.00448085960411444	6.33461551189136	0.0110813648545946	-116.22217152	45.28058	0.45954933452399
2801	968933.04657	432440.40381	8	8.1	0.59407623	-0.0372170677856376	0.092315425	70.1823730040819	0.0115501984074035	8.7378206909276	0.0135850019311949	-83.29677496	43.11083968	-0.319833309115258
1201	868933.04657	-517559.59619	8	8.4	0.247276405	-0.000436441654809835	0.038294015	123.628527251574	0.00886880506395487	15.0083335576674	-0.000422336459509648	-85.91535594	35.20332068	1.93207359344247
1764	418933.04657	-167559.59619	8	8.4	0.274797375	-0.0349155366401589	0.078963435	87.514504794509	0.00586325503715938	13.3529649634237	0.00566279470816435	-90.90509318	38.48255744	-2.65527749390502
1604	618933.04657	-267559.59619	8	8.3	0.313193795	-0.109235066937371	0.02752332	104.711860795816	0.0088660073490599	14.6381412768462	0.00372713746477345	-88.57625097	37.52218797	-1.38980853224041
1945	1068933.04657	-67559.59619	8	8.4	0.19856579	0.0346532156720514	0.05396415	93.003527201139	0.00277867298842189	12.5157053462015	0.00553359701131303	-82.90222094	38.79927993	-1.14323113295584
2036	1418933.04657	-17559.59619	8	8.4	0.31474168	0.0923649895528312	0.03785918	85.16730932089	0.00476727488043399	12.0993592157148	0.0101980572137675	-78.58613657	38.74213626	0.481376498769914
2800	918933.04657	432440.40381	8	8.2	0.664802205	-0.150470270807764	0.150403005	67.5012830404135	0.0122734958083909	8.81330145093111	0.0128981601092933	-83.94506905	43.1659234	-2.67720966445225
2182	318933.04657	82440.40381	9	9.2	0.693742425	-0.0589448272055424	0.020988625	81.5128219135297	0.00712122824767911	11.4076925046169	0.00725306050513038	-91.99113429	40.64135425	-0.0593941294351419
688	218933.04657	-867559.59619	8	8.3	0.16684885	-0.149662204453682	0.15242726	102.910258101347	0.00658101610236702	18.8730772542648	0.00605382137502145	-93.55520241	32.57553583	4.99297456080945
3155	668933.04657	632440.40381	8	8.1	0.07946187	-0.186010396285677	0.011595245	69.4267640098547	0.00772351978716129	6.83445527479769	0.0128228565362958	-86.95209561	45.08275877	-2.8167201777537
2713	1068933.04657	382440.40381	8	8.1	0.87616041	0.125163515563855	0.03441986	79.6040077943068	0.014751067622591	9.05448734117911	0.0112669716158859	-82.09913158	42.57359596	-3.22966193217663
2121	1468933.04657	32440.40381	8	8.3	0.536720865	0.0630537484181379	0.07333496	93.7554504840802	0.00595317458243263	13.2006412351456	0.0133895493086475	-77.87109533	39.08002882	-0.496433890551529
1202	918933.04657	-517559.59619	8	8.4	0.12770493	-0.053040089475882	0.178943195	120.85929694084	0.00819883678219933	15.1355771938196	0.0019135203784825	-85.33981564	35.15666361	2.60891408125454
618	-181066.95343	-917559.59619	9	9.4	0.06751964	-0.144336884665449	0.02696169	69.7375011150845	0.00640210118058226	18.6429490210154	-0.00313657005827403	-98.01025438	32.15301199	0.59640009837334
4560	-781066.95343	1482440.40381	9	9.2	0.700920115	0.0101817806024131	0.015089605	32.1503210768868	0.00540348009373974	2.10673081966786	0.0129391932352922	-107.99990715	52.16003547	-1.04961188681034
2216	-2181066.95343	132440.40381	11	11.1	0.113587465	0.009366921029176	0.08771903	82.3943123756729	0.00187020481368289	14.5437502413988	0.0179502194215506	-122.87111874	38.483018	-2.54450835279689
1965	-2131066.95343	-17559.59619	11	11.1	0.01664524	-0.157494078907597	0.28840761	55.8858983515977	-2.98102105308625e-05	13.509936155417	0.0158890259113736	-121.79560979	37.37330942	-1.47020410494635
1537	1368933.04657	-317559.59619	8	8.3	0.222186075	-0.083430439792178	0.118590015	94.4141041342265	0.000732211175807758	15.0862181748335	0.0122603105800481	-79.80969905	36.30499826	2.94576894767713
1372	1318933.04657	-417559.59619	8	8.3	0.347081625	-0.0194230061014228	0.210225275	92.7541682567352	-0.00100849550880074	15.7134618140184	0.0117900033219136	-80.5810055	35.53442042	2.22845814920392
2534	918933.04657	282440.40381	8	8.2	0.742340495	-0.252941938529685	0.059615845	79.8487193645575	0.010147434048766	9.69551296844983	0.00837272137418302	-84.18894181	41.90665946	1.07973758185034
2637	1668933.04657	332440.40381	5	5.3	0.12301433	-0.00621702667403539	0.07834888	106.812501772856	0.00898668387401966	9.78750015128977	0.0183212941509963	-74.65760418	41.21797688	-1.40737988726217
402	518933.04657	-1117559.59619	8	8.5	0.012936165	-0.221098746374188	0.055100245	129.947758910748	0.00342133976340083	20.4849362144103	0.00459592845913486	-90.37630461	30.30972735	-1.73204370737557
1123	868933.04657	-567559.59619	8	8.4	0.290477095	-0.00500451208456202	0.033769015	126.824200789134	0.00694683037431267	15.4519233459081	-0.00190166156952096	-85.9764829	34.77827315	-1.2117786861215
439	-131066.95343	-1067559.59619	9	9.4	0.467739335	-0.0434000945391599	0.05702216	73.8112192383179	0.00499408400858297	20.5842952361474	0.000441374418993465	-97.4301217	30.86695512	0.850691651998181
2726	1718933.04657	382440.40381	8	8.1	0.09533164	0.0277720787762743	0.173491695	105.89775823477	0.00845243835522012	10.5602565919204	0.01817089072615	-73.89423426	41.53409657	-4.18193991228513
3050	-81066.95343	582440.40381	9	9.2	0.692367985	-0.038430501189976	0.02793345	52.0516034124944	0.00693653936352875	6.83653860352933	0.0100551607480026	-97.09198064	44.92604197	-4.13471249547692
2548	1618933.04657	282440.40381	8	8.4	0.21127262	-0.0439576686800201	0.14723857	102.908976096373	0.00801610285924283	10.4592950503843	0.0178018295370308	-75.41333916	40.89771814	2.13790750377727
3167	1268933.04657	632440.40381	8	8.1	0.51064288	0.0045331165023763	0.026567485	76.3230781371777	0.0128291127523054	6.91041680263021	0.0146808892011247	-78.96986519	44.38604277	-4.77145669219624
1536	1318933.04657	-317559.59619	8	8.3	0.242109485	-0.0627786904773032	0.075635515	94.6105787987128	0.00125298961659564	14.8137822665561	0.0125689642004831	-80.39021942	36.37615462	6.12970401065738
463	1068933.04657	-1067559.59619	8	8.3	0.0216159	-0.197696249018156	0.080045565	130.187822727057	-0.000573784813046686	20.3358977681551	-3.40843998587177e-05	-84.39391569	30.30869104	2.38694925950069
1427	-31066.95343	-367559.59619	9	9.4	0.094839125	-0.0915487412715985	0.01325034	86.3048091291999	0.00716792616472783	15.4753207266092	0.0100848507906094	-96.36871737	36.87692946	2.23229077004783
681	-131066.95343	-867559.59619	9	9.4	0.101258425	-0.125090651028526	0.261476265	72.1471165195585	0.0051668865372865	18.9993593325982	-0.00130370470958956	-97.46381627	32.59111434	-1.34615548731839
3319	-131066.95343	732440.40381	9	9.2	0.840639925	0.0321847236761443	0.017636375	46.6067316432794	0.00117568977152383	5.71089756292984	0.0114123727108754	-97.80379843	46.18914665	-2.8441759809584
449	368933.04657	-1067559.59619	8	8.5	0.60203165	0.0089700687463908	0.022197925	128.429008754018	0.00404694711273015	20.1366990491366	0.00351088278841693	-91.97654255	30.80780985	-1.72448864627475
954	-81066.95343	-667559.59619	9	9.4	0.144738055	-0.0874180441146737	0.04293869	84.6285270060628	0.00558806931941026	17.6118592478526	0.00393659627475468	-96.92728718	34.31260327	-2.03462970644227
2987	1268933.04657	532440.40381	8	8.1	0.00075198	-0.15481928893117	0.12361361	71.6653859554193	0.0130450233083132	8.49807707793438	0.0144431118932182	-79.20512132	43.55345443	-1.69853451088676
2453	1168933.04657	232440.40381	8	8.1	0.320571385	0.0451518483425618	0.18875201	89.3576937883328	0.00797072958956192	10.1118591491324	0.0100873609792187	-81.12302593	41.19049678	0.124704738331105
1286	1118933.04657	-467559.59619	8	8.4	0.049981155	0.064485037140871	0.06195311	140.692470642237	0.00461756641976828	12.1338143106669	0.00294369507066464	-82.9668537	35.36755465	1.60075652477738
2664	-1381066.95343	382440.40381	10	10.1	0.09149668	-0.0330225401827003	0.00435023	25.1750004593378	0.00234830164903687	8.45128219877967	0.0109302733552487	-113.87493637	42.13286979	0.726122899524784
2879	368933.04657	482440.40381	8	8.1	0.357761645	-0.100873758393203	0.05661359	70.8152255654717	0.00603360943719002	7.90560911977305	0.0108355684173516	-91.10419962	44.00328918	-1.04009387934619
394	118933.04657	-1117559.59619	8	8.3	0.111232695	-0.105849490586928	0.02333143	118.101284069129	0.00482238127685411	20.6451926552332	0.00506487412644504	-94.70968405	30.4360164	-0.604976652295752
3001	1968933.04657	532440.40381	8	8.1	0.00040401	-0.0837255825835667	0.012687465	112.463463419523	0.0100616578421605	10.7182694297188	0.0224963725992726	-70.31198093	42.23595775	4.09142289120596
1264	18933.04657	-467559.59619	9	9.2	0.485278665	0.0839693659844662	0.254371515	90.8604182851835	0.00824059108957254	16.4488784817931	0.00799355940623169	-95.77807137	36.02496131	-1.80213657630566
2993	1568933.04657	532440.40381	8	8.1	0.426383875	0.0169134726658932	0.09003592	94.4621810607421	0.00405372564748776	7.22788476206076	0.0135105353039327	-75.34753148	43.05530244	-3.5583713732095
4018	-1881066.95343	1132440.40381	7	7.1	0.014649475	-0.177635279105845	0.19496126	104.867629807538	0.00290400421249082	11.0487181754448	0.013899632634535	-122.75386251	47.32479243	2.01058021872575
194	-181066.95343	-1317559.59619	8	8.3	0.56218808	-0.0628909557013998	0.02355948	67.6727576253888	0.00564054459639661	21.5221157073975	0.00936464528828894	-97.92030916	28.69103515	-0.643780135558369
2995	1668933.04657	532440.40381	8	8.1	0.21946726	-0.0179004781505159	0.16747732	99.8923094028082	0.00705483448918715	7.61217962637639	0.0136734023389033	-74.07631219	42.86689273	-4.98962869513783
1457	1468933.04657	-367559.59619	8	8.3	0.139914	-0.187040366956132	0.360959115	95.3285272104236	-2.1213913884578e-05	15.8804489725675	0.00909204903993024	-78.75857597	35.7354583	-0.13102649348673
2819	1868933.04657	432440.40381	8	8.1	0.04373104	0.0333233562784168	0.08162475	105.25480962411	0.0107600268231008	10.4711540270215	0.0222222721878541	-71.88366156	41.63834875	0.828678143132078
4759	-631066.95343	1682440.40381	5	5.4	1.26e-05	-0.113079384089553	0.00215049	40.5865390751606	0.00584125150980349	0.185576940528475	0.0145391607072293	-106.03815806	54.01828089	-3.12218150581794
2176	18933.04657	82440.40381	9	9.2	0.87718998	-0.0451685159923799	0.02564742	68.118270426917	0.00605310405323426	10.8717950759217	0.00384259020639912	-95.76187742	40.69829218	-2.42181967154089
2882	518933.04657	482440.40381	8	8.1	0.51153083	-0.117295100700232	0.03501426	70.072757814175	0.00641675224926895	7.757051429568	0.0104151884047458	-89.11965367	43.92451461	0.775369633584022
2727	1768933.04657	382440.40381	8	8.1	0.025223695	-0.0108238961758349	0.227050325	105.959937700858	0.00796851812076342	11.0746797162753	0.020567979060414	-73.27525399	41.43492993	-2.08347172271568
3176	1718933.04657	632440.40381	5	5.3	0.11721462	0.0026521629201887	0.04395775	86.689424649263	0.0125521194094453	7.54391039447047	0.0175775712303936	-73.13315183	43.59043432	-0.297783516784678
2118	1318933.04657	32440.40381	8	8.4	0.115803095	0.189286803316998	0.03039238	109.734617373882	0.00378373551949887	10.1086540286883	0.00639727994861439	-79.68398862	39.31000754	1.39695754056623
2026	918933.04657	-17559.59619	8	8.3	0.42481279	-0.0430700041058995	0.311696575	94.2057710855435	0.00961188383463338	12.3926284057924	0.00651894091762029	-84.64837321	39.38381134	-0.990448678091771
2898	1318933.04657	482440.40381	8	8.1	0.3586604	-0.0482208002827679	0.27024131	78.2182705891438	0.0122745435623536	9.36698733898214	0.0133107873793366	-78.67738964	43.06155835	-2.17367207094025
3838	-1981066.95343	1032440.40381	7	7.1	0.01364171	0.244363471089923	0.039088105	156.058977250965	0.00185409000339927	10.3230771009739	0.0140783340341891	-123.69369112	46.27215573	3.98580653432918
1292	1418933.04657	-467559.59619	8	8.3	0.17877268	-0.203174296373993	0.093810695	100.481492092881	0.00058655876716481	16.3736380778062	0.0103097938512656	-79.53515981	34.9702306	1.3358281729382
3523	768933.04657	832440.40381	5	5.2	0.00295016	-0.110936306703004	0.01958591	80.1445526709923	0.0103422972960722	4.89038470406563	0.0127825675842132	-85.30600807	46.67897149	2.31523661440405
1025	-231066.95343	-617559.59619	9	9.4	0.164347285	-0.0985120189286567	0.04391911	59.4365393958795	0.00259359761303582	17.2012822841987	0.00647111274743024	-98.65849816	34.71618433	2.64840041306895
2218	-2081066.95343	132440.40381	11	11.1	0.750715695	0.210538823536307	0.145617225	44.3301289209332	0.000755558538389739	16.4384618126429	0.0192670463903916	-121.69990194	38.71548784	-4.25381068520033
1215	1568933.04657	-517559.59619	8	8.5	0.04244658	-0.164447306181557	0.13697693	116.616668552733	0.00767675881121917	17.9126605215745	0.00790940287194084	-77.94387871	34.31710576	-1.2129498582529
2624	1018933.04657	332440.40381	8	8.1	0.49784452	-0.239583353317132	0.18175514	78.4826937271998	0.0130943189569288	9.58942322944028	0.00933366632743944	-82.8305073	42.21498881	0.0671117044002578
2602	-81066.95343	332440.40381	9	9.2	0.76109266	-0.0419978284909022	0.023952225	57.2967959952851	0.00313479691572166	9.50977579567534	0.00856002068805533	-97.05452255	42.81104552	-2.9224692998743
3293	-1431066.95343	732440.40381	6	6.2	2.88e-06	-0.130181363602807	0.00047628	45.32484053935	0.00270983778533624	4.95608981699945	0.0109775484313854	-115.42097505	44.95449354	4.26827431362249
2699	368933.04657	382440.40381	8	8.1	0.447462	-0.100703937563454	0.02603908	72.8730782083212	0.00850871329511545	8.8208334883675	0.00837155505316776	-91.17172769	43.15838965	-2.0990465866028
3208	-1081066.95343	682440.40381	6	6.2	0.001933635	-0.126083185355833	0.001784165	42.4083340978011	0.0115704355409845	4.51442314010973	0.0136327767452379	-110.65478103	45.06768912	0.0686306510442103
2390	-1981066.95343	232440.40381	6	6.2	0.00125649	-0.0905138070822585	0.006801295	92.3775653444135	0.000211587885270657	9.14935912373356	0.015987112884655	-120.83761986	39.75753832	-1.6947746316058
