Species	Overdispersion	Epsilon_Alpha_rho	Epsilon_Alpha_rho_p	Alpha_Tau_rho	Alpha_Tau_rho_p	mdn_Alph	mdn_Alph_ll	mdn_Alph_ul	mdn_Alph_iw	mdn_Eps	mdn_Eps_ll	mdn_Eps_ul	mdn_Eps_iw	mdn_Tau	mdn_Tau_ll	mdn_Tau_ul	mdn_Tau_iw	Total.N.butterflies	N.sites	N.years	First.year	Last.year
Achalarus casica	3.353	1	0.0166666666666667	-1	0.0166666666666667	0.08308	0.004143	1.604	1.6	0.8803	0.13729	1.598	1.46	-3.584	-8.899	1.6239	8.994	NA	5	26	1993	2018
Achalarus lyciades	2.472	0.569675688471554	0	0.157515978852679	0.0927066331341755	1.0647	0.5664	1.93	1.358	0.29392	-0.06706	0.6259	0.6886	-0.6384	-5.804	4.985	10.721	NA	126	26	1993	2018
Achalarus toxeus	1.424	1	0.0833333333333333	-0.8	0.333333333333333	247	11.05	4807	4797	-0.7455	-1.742	0.2347	2.057	18.403	-4.891	49.09	50.65	NA	4	26	1993	2018
Achlyodes thraso	1.464	0.963636363636364	0	-0.733333333333333	0.0211664810722656	2.844	0.4148	19.9	19.5	0.3858	-0.65143	1.095	1.743	6.207	-5.994	18.152	21.92	NA	10	26	1993	2018
Adelpha basiloides	10.863	NA	NA	NA	NA	1.143e-19	0	Inf	Inf	-12.95	-66835	66814	133649	-77.18	-100	Inf	Inf	NA	1	17	1995	2016
Adelpha bredowii	1.855	0.905440900562852	0	-0.437523452157598	0.00511620616760645	0.8456	0.3729	1.813	1.432	0.7155	0.3833	1.0345	0.6536	-2.655	-5.172	0.164	5.207	NA	47	26	1993	2018
Adelpha fessonia	125.185	1	0.333333333333333	-1	0.333333333333333	2.853	0.006903	1300	1300	-0.1438	-1.974	1.766	3.763	6.012	-12.45	32.19	44.64	NA	3	22	1993	2016
Agathymus aryxna	129.874	NA	NA	NA	NA	133.3	1.857	9324	9322	-2	-3.92	-0.07341	3.847	-14.22	-29.05	3.701	32.75	NA	1	11	2007	2018
Agraulis vanillae	1.542	0.829117025037367	0	-0.0782471982584859	0.329637510542911	2.708	0.7805	7.931	7.098	0.6622	0.2198	1.0934	0.9383	3.481	-4.054	11.935	15.242	NA	185	26	1993	2018
Agriades glandon	1.285	0.73	5.46828216269687e-05	-0.655384615384615	0.000513564719452504	5.843	1.699	20.18	18.38	-0.2082	-0.80638	0.41	1.326	-1.679	-7.743	6.7965	13.407	NA	26	26	1993	2018
Aguna asander	122.897	NA	NA	NA	NA	1.004	0.06256	15.96	15.9	0.05798	-0.7179	0.8375	1.555	-2.221	-23.47	24.88	48.36	NA	1	17	1995	2016
Amblyscirtes aenus	1.44	0.975757575757576	0	-0.83030303030303	0.00555680454585395	5.681	0.5017	65.61	65.16	-0.06327	-0.7249	0.6411	1.37	1.089	-6.562	9.484	14.9	NA	10	26	1993	2018
Amblyscirtes aesculapius	2.029	0.624969987995198	2.20311734554982e-06	-0.13171668667467	0.360765357371966	1.202	0.449	3.229	2.789	0.2395	-0.167462	0.6664	0.8162	1.071	-6.682	9.008	16.189	NA	56	26	1993	2018
Amblyscirtes alternata	84.699	1	0	-0.776223776223776	0.0046598806161296	2.827	0.4343	17.95	17.53	-0.08502	-0.6121	0.4458	1.0849	3.157	-5.697	12.86	18.96	NA	12	26	1993	2018
Amblyscirtes belli	5.992	0.960474308300395	2.53196758818067e-06	-0.892292490118577	3.12714329116389e-06	2.042	0.5838	7.066	6.477	0.016013	-0.3543	0.3503	0.6935	1.3244	-8.403	10.717	20.594	NA	23	26	1993	2018
Amblyscirtes carolina	2.334	0.928571428571428	0.00674603174603175	-0.964285714285714	0.00277777777777778	0.02446	0.000349	1.768	1.768	1.48	0.124853	2.745	2.534	-5.5882	-17.67	8.74	25.31	NA	7	26	1993	2018
Amblyscirtes cassus	1.71	0.828571428571429	0.0583333333333333	-0.771428571428571	0.102777777777778	0.08898	0.005923	1.287	1.28	0.9035	0.1852	1.606	1.37	-3.931	-9.329	2.271	11.49	NA	6	26	1993	2018
Amblyscirtes celia	2.057	0.982417582417582	0	-0.696703296703297	0.00734326500243057	1.756	0.4989	6.389	5.879	0.2785	-0.2433	0.7685	1.0305	-0.8244	-7.431	7.3879	15.04	NA	15	26	1993	2018
Amblyscirtes elissa	2.265	1	0.0833333333333333	-0.8	0.333333333333333	0.2306	0.004798	12.95	12.95	1.155	0.0946	2.185	2.028	11.21	3.1577	20.07	16.91	NA	4	26	1993	2018
Amblyscirtes eos	3.511	0.975757575757576	0	-0.527272727272727	0.12280318761783	1.248	0.1252	11.49	11.36	0.2557	-0.3735	0.9515	1.288	3.6149	-4.321	12.777	16.958	NA	10	26	1993	2018
Amblyscirtes exoteria	1.809	0.9	0.0833333333333333	-0.3	0.683333333333333	0.2727	0.01689	3.515	3.496	0.7255	0.06151	1.441	1.37	-5.072	-9.557	-0.73235	9.614	NA	5	26	1993	2018
Amblyscirtes fimbriata	1.228	1	1	-1	1	5.037	0.06209	443.4	443.3	0.3214	-1.0127	1.629	2.642	3.2204	-3.655	10.809	14.46	NA	2	26	1993	2018
Amblyscirtes hegon	6.193	0.930541871921182	1.74788146345539e-07	-0.809852216748768	1.37432171418786e-06	0.6977	0.2116	2.381	2.17	0.3054	-0.08017	0.6558	0.7378	-0.7465	-6.365	5.862	12.54	NA	30	26	1993	2018
Amblyscirtes nereus	7.91	1	0.0833333333333333	0.8	0.333333333333333	1.195	0.03774	24.74	24.7	0.2522	-0.5572	1.129	1.694	0.007197	-5.064	5.52575	10.249	NA	4	26	1993	2018
Amblyscirtes nysa	3.017	0.788819875776397	1.78899388354873e-05	0.0988142292490119	0.66085640735667	0.9912	0.2477	3.851	3.609	0.2175	-0.2838	0.6916	0.9275	-0.03694	-5.612	5.563	11.273	NA	23	26	1993	2018
Amblyscirtes oslari	3.532	0.928571428571428	0.00674603174603175	-0.964285714285714	0.00277777777777778	0.4212	0.0129	18.98	18.97	0.2905	-0.6917	1.254	1.988	-2.762	-10.061	5.5505	14.93	NA	7	26	1993	2018
Amblyscirtes phylace	154.017	1	1	1	1	0.1406	0.0023	7.598	7.595	0.1815	-1.334	1.828	3.162	-12.38	-22.61	0.32	22.93	NA	2	25	1993	2018
Amblyscirtes reversa	2.209	0.892857142857143	0.0123015873015873	-0.5	0.266666666666667	0.003244	4.413e-05	0.2271	0.227	1.585	0.4493	2.722	2.279	-13.341	-27.27	1.128	29.63	NA	7	26	1993	2018
Amblyscirtes texanae	9.726	0.7	0.233333333333333	0.7	0.233333333333333	0.6556	0.04106	10.072	10.028	0.5547	-0.2599	1.402	1.646	4.297	-1.08145	10.419	12.361	NA	5	26	1993	2018
Amblyscirtes tolteca	1.198	1	1	-1	1	4.431	1.212e-05	1440543	1440543	0.1259	-2.946	3.218	6.164	4.573	-13.71	28.43	42.13	NA	2	26	1993	2018
Amblyscirtes vialis	3.29	0.436787268563649	6.47831181105784e-07	-0.223351981521441	0.0135511360360334	1.134	0.5937	2.037	1.462	0.1939	-0.15673	0.5531	0.6972	-0.7136	-5.046	4.2017	9.248	NA	128	26	1993	2018
Anaea aidea	2.726	0.966666666666667	0.000165343915343915	0.6	0.0967978395061728	1.46	0.144	14.1	13.95	0.3807	-0.39286	1.1263	1.406	6.133	-3.784	16.65	18.84	NA	9	26	1993	2018
Anaea andria	1.594	0.735462173898847	0	-0.620879180679357	0	1.419	0.6342	2.862	2.226	0.3026	-0.06946	0.7051	0.7835	0.4491792	-3.422	4.989	8.5	NA	91	26	1993	2018
Anaea floridalis	52.817	1	0.333333333333333	0.5	1	63.2	1.043	3302	3301	-1.147	-2.757	0.4868	3.243	8.85	-2.3302	20.97	23.3	NA	3	26	1993	2018
Anaea pithyusa	12.401	NA	NA	NA	NA	0.2795	0	Inf	Inf	-0.2765	-17611	17582	35193	-53.74	-100	Inf	Inf	NA	1	17	1995	2016
Anartia fatima	1.581	1	1	-1	1	0.05279	0.0007567	3.758	3.757	1.428	0.2419	2.594	2.352	-4.863	-20.01	13.914	33.92	NA	2	22	1993	2016
Anartia jatrophae	1.207	0.66892177589852	1.4987145269247e-06	-0.288794926004228	0.0576228474041256	3.816	1.1306	11.409	9.743	0.6822	0.13127	1.098	0.9517	3.42	-6.748	11.88	18.102	NA	58	26	1993	2018
Anatrytone logan	1.726	0.802921279212792	0	-0.367347997009382	5.91729414757222e-10	1.03	0.6652	1.556	0.8825	0.5365	0.2225	0.8415	0.6171	0.31463	-4.866	5.631	10.135	NA	320	26	1993	2018
Ancyloxypha arene	1.894	1	0.00277777777777778	-0.828571428571429	0.0583333333333333	1.582	0.02924	113.7	113.7	-0.024711	-1.0704	0.9627	2.002	-5.845	-13.74	6.533	19.74	NA	6	26	1993	2018
Ancyloxypha numitor	1.333	0.66584576876899	0	0.244258671671626	1.31829986232489e-05	1.41	0.8144	2.323	1.535	0.5494	0.2173	0.87	0.6403	-0.05862	-4.9216	5.077	10.182	NA	375	26	1993	2018
Anteos clorinde	42.684	0.738095238095238	0.0458333333333333	-0.642857142857143	0.0961805555555556	1.493	0.06292	30.44	30.37	-0.019103	-0.7854	0.8189	1.626	-2.496	-11.21	7.778	18.22	NA	8	26	1993	2018
Anteos maerula	60.63	1	0.333333333333333	-1	0.333333333333333	1.0033	0.002794	332.7	332.7	0.08842	-1.308	1.509	2.814	0.267	-17.26	19.41	34.92	NA	3	26	1993	2018
Anthocharis cethura	5.237	0.8	0.333333333333333	1	0.0833333333333333	25.33	0.3154	2159	2159	-0.32686	-1.505	0.7824	2.416	3.2819	-9.541	19.28	31.71	NA	4	26	1993	2018
Anthocharis lanceolata	1.565	0.942857142857143	0.0166666666666667	-0.828571428571429	0.0583333333333333	3.951	0.1667	120.1	119.9	-0.08511	-1.259	0.9488	2.189	-3.295	-11.16	5.769	17.38	NA	7	26	1993	2018
Anthocharis midea	1.465	0.987878787878788	0	-0.0303030303030303	0.945709808351989	0.1411	0.0153	1.257	1.241	1.0508	0.3352	1.839	1.442	-14.552	-33.3	9.922	42.81	NA	11	24	1995	2018
Anthocharis sara	1.29	0.874585111427217	0	-0.674727358937885	8.34698841148531e-06	0.7338	0.2363	2.232	1.992	0.5101	-0.0645	1.0269	1.0518	-3.203	-7.637	2.3026	9.964	NA	40	26	1993	2018
Apodemia hepburni	11.532	NA	NA	NA	NA	0.5737	0	Inf	Inf	-0.2782	-19397	19380	38777	-9.399	-100	Inf	Inf	NA	1	26	1993	2018
Apodemia mormo	1.269	0.964285714285714	0	0.485714285714286	0.0688280349342151	1.005	0.1778	5.246	5.087	0.524	-0.09111	1.1307	1.209	-0.3765	-7.616	5.861	13.53	NA	16	26	1993	2018
Apodemia nais	1.191	0.942857142857143	0.0166666666666667	-0.828571428571429	0.0583333333333333	0.1627	0.018	1.294	1.276	1.069	0.4338	1.697	1.263	-3.2496	-10.055	4.888	15.97	NA	6	26	1993	2018
Apodemia palmeri	0.684	1	0.000396825396825397	-0.857142857142857	0.0238095238095238	0.3566	0.01114	12.41	12.4	0.7771	-0.251491	1.761	2.006	-3.579	-11.338	5.6079	17.08	NA	7	26	1993	2018
Appias drusilla	1.713	0.975438596491228	8.08462348806336e-06	0.214035087719298	0.377288850467892	0.8681	0.1358	5.447	5.305	0.3606	-0.254	1.0052	1.299	-6.15215	-15.007	4.516	18.52	NA	23	26	1993	2018
Asbolis capucinus	3.832	0.941434044882321	2.47045437268467e-07	0.228790366721401	0.240511086568441	0.6045	0.2815	1.269	0.9894	0.5439	0.21243	0.8617	0.6496	0.2033	-4.3237	4.823	9.379	NA	38	26	1993	2018
Ascia monuste	0.856	0.855793275909975	0	0.0928035565434843	0.479648392895908	4.228	1.362	11.95	10.625	0.32708	-0.24076	0.8563	1.2401	3.3597	-6.703	12.95	19.24	NA	75	26	1993	2018
Asterocampa celtis	1.329	0.344169827222925	1.42525712121557e-07	-0.0276411715128529	0.679831010293644	1.8572	0.5272	6.524	6.069	0.33926	-0.09284	0.7472	0.8218	-0.9319	-7.333	5.593	13.06	NA	251	26	1993	2018
Asterocampa clyton	1.113	0.664277827435722	0	-0.241963299858037	0.0004315558818359	1.119	0.644	1.94	1.295	0.4258	0.01803	0.8115	0.789	-0.06087	-6.633	6.874	13.537	NA	234	26	1993	2018
Asterocampa leilia	1.148	0.725274725274725	0.00689166372954841	0.0274725274725275	0.934992302718378	20.43	2.436	154.6	152.2	-0.13045	-0.8936	0.5436	1.472	1.4668	-8.96	11.954	20.004	NA	13	26	1993	2018
Astraptes fulgerator	121.582	1	1	-1	1	0.1136	0.007007	1.834	1.827	0.8432	0.01321	1.685	1.671	-5.182	-14.32	5.372	19.69	NA	2	22	1993	2016
Atalopedes campestris	1.018	0.562709248222823	0	0.160401322618904	0.014964800427976	1.8182	0.4878	6.613	6.036	0.37355	-0.08819	0.8377	0.9144	-0.5503	-6.169	5.5	11.359	NA	264	26	1993	2018
Atlides halesus	2.806	0.658712267972245	0	0.0299918988411821	0.781107500527077	0.7588	0.3561	1.601	1.249	0.313	-0.027198	0.6505	0.6659	0.5498	-2.465	3.955	6.373	NA	97	26	1993	2018
Atlides rustan	118.998	NA	NA	NA	NA	0.9999	0.1028	9.687	9.585	-1.153e-05	-0.726	0.7251	1.451	-0.0002411	-15.43	18.23	33.66	NA	1	25	1993	2018
Atrytone arogos	1.025	0.691176470588235	0.0028376839991202	-0.0637254901960784	0.809389056534401	1.663	0.1267	20.4	20.28	0.30492	-0.6654	1.2794	1.954	-2.8293	-12.014	6.584	19.03	NA	17	26	1993	2018
Atrytonopsis cestus	117.108	NA	NA	NA	NA	45474002937300	8.279e-16	2.34949351865e+42	2.34949351865e+42	-6.913	-22.24	8.397	30.64	122.6	-62.26	1211	1273	NA	1	9	1993	2001
Atrytonopsis edwardsii	1.742	0.942857142857143	0.0166666666666667	-0.657142857142857	0.175	0.02745	0.0004913	1.181	1.18	1.263	0.1454	2.359	2.145	-3.1627	-13.289	8.353	22.87	NA	6	26	1993	2018
Atrytonopsis hianna	2.111	0.942857142857143	5.127332688871e-06	-0.525974025974026	0.0155945610468304	0.7042	0.06876	5.929	5.86	0.4735	-0.3382	1.406	1.816	1.874	-8.523	15.381	24.12	NA	21	26	1993	2018
Atrytonopsis lunus	2.648	0.4	0.75	0.4	0.75	0.08147	0.002417	2.797	2.794	0.7933	-0.10481	1.689	1.794	-5.412	-9.155	-1.2615	7.631	NA	4	26	1993	2018
Atrytonopsis pittacus	161.146	1	1	-1	1	0.000168	2.998e-08	1.165	1.165	2.647	0.7353	4.524	3.789	4.501	-9.082	19.77	28.85	NA	2	24	1993	2018
Atrytonopsis vierecki	22.533	NA	NA	NA	NA	0.3172	0	Inf	Inf	-0.2048	-14060	14047	28107	-7.388	-100	Inf	Inf	NA	1	18	1993	2010
Autochton cellus	1.317	0.961538461538462	0	-0.510989010989011	0.0775693109322543	5.913	0.7494	41.96	41.21	0.182839	-0.44652	0.9141	1.2715	7.082	0.4063	13.59	15.01	NA	14	26	1993	2018
Battus philenor	1.562	0.647637871742434	0	0.0775509271424818	0.252903346544549	1.7816	0.5538	5.474	4.897	0.45117	0.04211	0.8513	0.8398	1.1085	-4.967	7.676	12.344	NA	257	26	1993	2018
Battus polydamas	2.205	0.72972972972973	1.39354911321126e-06	0.00205920205920206	0.991036371736148	2.55	1.1051	5.762	4.602	0.19477	-0.319	0.6511	0.9506	1.0835	-5.91	10.1531	14.464	NA	47	26	1993	2018
Biblis hyperia	87.164	-1	1	-1	1	0.9915	1.688e-195	8.10744757464e+194	8.10744757464e+194	-0.001686	-89.47	89.52	179	-0.02815	-100	170429649	170429749	NA	2	22	1993	2016
Boloria bellona	1.133	0.0702642378860969	0.360770249520574	0.0829049367605059	0.280716818160532	1.785	0.9101	3.276	2.434	0.48434	-0.009569	0.9377	0.8975	0.1999	-5.401	6.095	11.354	NA	201	26	1993	2018
Boloria chariclea	1.591	0.987878787878788	0	-0.139393939393939	0.707203785571239	6.052	0.5437	51.68	51.15	-0.2941	-1.3649	0.8531	2.188	-2.5619	-12.5	14.57	24.975	NA	10	26	1993	2018
Boloria epithore	1.97	0.885714285714286	0	-0.731868131868132	0.00412880457631142	4.594	1.2059	16.73	15.59	0.3967	-0.13953	0.8799	1.05	0.2865	-6.139	5.822	13.214	NA	15	26	1993	2018
Boloria eunomia	95.175	1	0.000396825396825397	-0.964285714285714	0.00277777777777778	2.638	0.1903	69.95	69.75	-0.2094	-1.338	0.7265	2.106	-0.4121	-11.263	23.903	35.16	NA	7	26	1993	2018
Boloria freija	1.696	0.8	0.333333333333333	0.4	0.75	0.09675	0.004919	1.892	1.887	1.866	0.14444	3.548	3.428	-3.3128	-14.11	10.495	25.92	NA	4	26	1993	2018
Boloria frigga	7.573	0.5	1	0.5	1	0.001857	1.757e-06	1.788	1.788	3.462	0.013947	6.949	6.936	-1.1175	-11.84	10.602	21.89	NA	3	26	1993	2018
Boloria kriemhild	3.691	1	1	1	1	3.331	0.06464	159.7	159.7	0.12757	-1.53	1.824	3.354	1.7281	-9	14.728	23.73	NA	2	24	1993	2018
Boloria napaea	119.049	NA	NA	NA	NA	1.092	0.06484	18.89	18.83	0.08705	-1.422	1.606	3.028	-2.397	-23.42	24.38	47.81	NA	1	17	1999	2018
Boloria selene	1.459	0.86462809582633	0	0.312642514327373	0.00074816178460402	1.153	0.6568	1.982	1.312	0.4393	0.16167	0.7039	0.5511	-0.79862	-5.25	4.166	9.575	NA	124	26	1993	2018
Brephidium exile	0.947	0.318108085033723	0.0219595365484326	-0.119183812857509	0.398918957227417	3.394	1.0549	10.774	9.77	0.3553	-0.3591	0.9935	1.3519	2.355	-8.069	15.67	22.916	NA	58	26	1993	2018
Brephidium isophthalma	0.995	0.971104231166151	7.759101784146e-06	-0.529411764705882	0.0256784893216006	31.29	3.838	249.3	245.7	-0.08872	-0.8542	0.665	1.579	7.6696	-6.419	24.364	27.42	NA	21	26	1993	2018
Cabares potrillo	94.668	1	0.333333333333333	-1	0.333333333333333	6.382	0.01921	1499	1499	-0.8451	-3.029	1.313	4.342	-16.29	-46.22	31.62	79.72	NA	3	26	1993	2018
Calephelis arizonensis	2.271	1	0.0833333333333333	-0.8	0.333333333333333	0.008178	0.0001175	0.6187	0.6186	1.35	0.2263	2.454	2.178	-7.813	-13.54	-0.2912	12.729	NA	4	26	1993	2018
Calephelis borealis	1.788	0.934065934065934	0	-0.368131868131868	0.216629806809432	1.519	0.3931	6.247	5.915	0.5575	-0.03611	1.0782	1.0936	3.505	-1.8573	10.907	12.079	NA	13	26	1993	2018
Calephelis mutica	3.096	0.8	0.333333333333333	-0.4	0.75	0.1779	0.01568	2.004	1.99	1.259	0.2304	2.285	2.001	1.20246	-11.709	16.01	26.29	NA	4	26	1993	2018
Calephelis nemesis	1.345	0.947252747252747	0	0.287912087912088	0.317559280210174	2.131	0.7235	6.277	5.53	0.5461	0.12425	0.8687	0.7652	3.47	-1.6589	9.486	10.301	NA	14	26	1993	2018
Calephelis perditalis	2.151	1	0.0166666666666667	-0.9	0.0833333333333333	0.8091	0.06204	10.23	10.17	0.4716	-0.4015	1.499	1.901	-5.389	-14.75	4.985	20.33	NA	5	24	1993	2016
Calephelis rawsoni	141.009	NA	NA	NA	NA	488.6	0.004687	50259044	50259044	-4.284	-11.59	3.021	14.62	-41.14	-69.89	14.98	84.87	NA	1	13	2004	2016
Calephelis virginiensis	1.759	0.626466275659824	0.000173314825179344	-0.101539589442815	0.578914045708757	0.7852	0.2428	2.393	2.145	0.5299	0.09845	0.9669	0.8997	-1.3286	-8.4117	6.91	15.413	NA	37	26	1993	2018
Calephelis wrighti	3.149	1	0.0166666666666667	-0.9	0.0833333333333333	0.5159	0.003346	23.91	23.9	0.5706	-0.5905	2.247	2.734	-4.672	-14.6	5.279	19.88	NA	5	26	1993	2018
Callophrys augustinus	2.394	0.576695567620128	8.64912636926507e-05	-0.263754963131027	0.091565995376115	1.096	0.4453	2.58	2.142	0.2399	-0.09064	0.5478	0.633	-3.036	-6.744	1.8214	8.145	NA	46	26	1993	2018
Callophrys dumetorum	2.465	0.934500282326369	4.11383298529498e-06	-0.74703557312253	9.97165593879151e-05	0.9529	0.2724	3.105	2.808	0.2789	-0.20538	0.7314	0.908	-2.965	-7.731	3.541	11.323	NA	24	26	1993	2018
Callophrys eryphon	1.353	0.847374847374847	1.60912643697409e-06	-0.523199023199023	0.00570999585924962	1.091	0.3701	3.469	3.103	0.2799	-0.15647	0.635	0.7916	-3.877	-9.023	1.9842	10.802	NA	29	26	1993	2018
Callophrys fotis	119.477	NA	NA	NA	NA	1.078	0.088	13.46	13.37	0.05924	-0.9393	1.062	2.001	-4.937	-15.99	7.588	23.58	NA	1	23	1993	2018
Callophrys gryneus	1.178	0.922932914308851	0	-0.187926696422546	0.0232465771642303	1.873	0.6485	4.669	4.008	0.17713	-0.2108	0.5516	0.7874	-0.1676	-6.653	6.89	13.443	NA	161	26	1993	2018
Callophrys henrici	7.719	0.936363636363636	0	-0.9	0.000225324584283125	4.178	0.6274	28.87	28.3	-0.4325	-1.0492	0.1522	1.176	-10.256	-25.68	5.301	28.75	NA	12	25	1994	2018
Callophrys hesseli	92.778	-1	0.0166666666666667	0.6	0.35	0.9999	0.005047	197.1	197.1	-4.184e-05	-2.067	2.066	4.133	-0.0005569	-21.85	27.97	49.82	NA	5	26	1993	2018
Callophrys irus	1.928	0.8	0.333333333333333	-0.8	0.333333333333333	6.562	0.2405	157	156.7	0.0637707	-0.9872	1.066	2.09	-9.187	-45.06	26.11	74.72	NA	4	25	1994	2018
Callophrys johnsoni	2.931	0.8	0.333333333333333	-0.4	0.75	0.1868	0.0009094	38.63	38.63	0.7361	-0.7328	2.293	2.997	-2.754	-12.15	7.107	19.26	NA	4	26	1993	2018
Callophrys mossii	64.377	1	0.333333333333333	-1	0.333333333333333	2.261	0.001115	12233	12233	-0.05745	-3.325	2.688	6.031	0.8287	-11.274	17.99	29.26	NA	3	25	1993	2018
Callophrys niphon	1.212	0.817193675889328	2.78714022883248e-06	-0.494071146245059	0.0177166570527933	2.092	0.3052	14.23	13.91	0.07648	-0.64832	0.8671	1.46	-0.249	-11.064	14.459	23.72	NA	24	26	1993	2018
Callophrys polios	1.708	0.933333333333333	0.000749559082892416	-0.416666666666667	0.269582231040564	5.232	0.4951	54.09	53.6	0.007212	-0.8692	0.8487	1.812	3.737	-7.787	17.75	22.78	NA	9	26	1993	2018
Callophrys sheridanii	1.773	0.983333333333333	4.96031746031746e-05	-0.466666666666667	0.212522045855379	2.453	0.2035	17.75	17.53	-0.018915	-0.6858	0.7911	1.531	-2.778	-9.097	3.719	14.106	NA	9	26	1993	2018
Callophrys spinetorum	3.864	0.96034188034188	5.44076649146371e-07	0.0543589743589744	0.791745412823949	0.7122	0.2578	1.945	1.679	0.3642	-0.05171	0.7127	0.7559	-1.1487	-7.3249	6.335	11.982	NA	28	26	1993	2018
Callophrys xami	122.4	1	1	-1	1	1.504	0.1405	17.01	16.87	0.1126	-0.7334	0.9577	1.691	1.2071	-20.85	26.1	46.95	NA	2	20	1993	2018
Calpodes ethlius	2.28	0.409478021978022	0.000859213410797872	-0.478021978021978	7.92261460797188e-05	0.8176	0.3685	1.791	1.426	0.4177	0.04601	0.7846	0.7441	0.2115	-3.959	4.134	7.805	NA	77	26	1993	2018
Calycopis cecrops	1.124	0.478562975256077	1.24770980823646e-10	-0.124650061893815	0.111713894529313	1.677	0.7612	3.388	2.652	0.374	-0.009437	0.7467	0.738	-0.1774	-5.176	5.5179	10.639	NA	198	26	1993	2018
Calycopis isobeon	1.002	0.894974590626765	3.30152110675583e-06	-0.695087521174478	0.000471234524699955	4.677	1.196	17.97	16.8	0.201	-0.3993	0.773	1.163	0.91672	-5.23	8.127	13.47	NA	26	26	1993	2018
Caria ino	1.433	0.5	1	-0.5	1	7.007	0.5293	96.14	95.64	0.0731	-0.8922	0.949	1.809	0.5827	-6.396	10.765	19.61	NA	3	22	1993	2016
Carterocephalus palaemon	1.768	0.701224489795918	6.21770010158405e-08	-0.105882352941176	0.463106280259127	0.9902	0.3599	2.6	2.238	0.2668	-0.2213	0.7191	0.9439	-2.922	-8.316	3.238	11.78	NA	52	26	1993	2018
Celastrina ladon	1.45	0.60108191555997	0	0.0890463958292472	0.103208162633439	1.8584	0.81112	4.235	3.447	0.564	0.2367	0.9041	0.6708	0.7574	-3.431	5.236	8.451	NA	400	26	1993	2018
Celastrina neglectamajor	1.023	0.917857142857143	0	-0.728571428571428	0.00292670797361973	0.969	0.0568	15.95	15.89	0.4553	-0.3804	1.29	1.684	0.1926	-11.078	12.966	23.16	NA	15	26	1993	2018
Celotes nessus	1.696	0.963636363636364	0	-0.406060606060606	0.247370787611931	0.08179	0.007978	0.8424	0.8344	0.9752	0.27784	1.639	1.364	-4.894	-12.356	2.2391	13.806	NA	10	26	1993	2018
Cercyonis meadii	2.305	1	1	1	1	21.07	0.7484	561.9	561.1	-0.9852	-2.417	0.4528	2.87	-5.424	-16.15	6.483	22.63	NA	2	22	1993	2016
Cercyonis oetus	1.037	0.803503010399562	1.8030395329142e-06	0.197591680350301	0.312068920854519	6.27	1.905	20.47	18.63	0.3696	-0.33942	0.9887	1.274	2.3028	-6.75	11.0689	17.47	NA	29	26	1993	2018
Cercyonis pegala	1.24	0.677280824738452	0	-0.159605676554829	0.00597013862195475	3.747	1.3857	9.505	8.231	0.48938	0.04052	0.9327	0.8899	-1.77809	-7.334	3.914	11.131	NA	348	26	1993	2018
Cercyonis sthenele	1.046	0.844861660079052	1.75994106047796e-06	-0.284584980237154	0.187578018335185	0.3851	0.095	1.505	1.411	0.9522	0.26904	1.583	1.2524	-2.9194	-11.66	7.193	17.57	NA	26	26	1993	2018
Chioides catillus	1.247	0.974436090225564	6.56063744627041e-06	-0.864661654135338	0	1.479	0.4	5.581	5.191	0.46829	-0.084408	1.0546	1.1226	-1.566	-7.826	5.628	13.29	NA	23	26	1993	2018
Chioides zilpa	71.56	1	1	-1	1	6.2e-06	1.271e-11	1.797	1.797	1.801	-0.09368	3.704	3.798	-44.02	-73.83	14.714	88.54	NA	2	22	1993	2016
Chiomara asychis	1.541	1	0.333333333333333	-1	0.333333333333333	234	0.5458	73491	73490	-0.1068	-1.551	1.392	2.943	22.29	4.1114	42.59	38.39	NA	3	26	1993	2018
Chlorostrymon maesites	116.778	NA	NA	NA	NA	0.003864	3.76e-10	39136	39136	1.936	-3.384	7.251	10.63	-42.27	-82.24	87.52	169.8	NA	1	22	1997	2018
Chlorostrymon simaethis	2.748	1	0.0166666666666667	-0.9	0.0833333333333333	0.8846	0.01892	27.46	27.44	0.411	-0.9685	2.013	2.992	-4.7105	-16.34	9.535	26.11	NA	6	25	1993	2017
Chlosyne acastus	2.527	0.976190476190476	0.000396825396825397	-0.785714285714286	0.0279265873015873	3.42	0.1883	50.19	50.02	0.4357	-0.329	1.402	1.722	7.963	-2.0686	20.61	23.93	NA	8	26	1993	2018
Chlosyne californica	1.17	1	0.00277777777777778	-0.771428571428571	0.102777777777778	0.6579	0.004505	78.46	78.45	0.8682	-0.5393	2.313	2.94	6.5212	-11.584	33.17	41.3	NA	6	26	1993	2018
Chlosyne cyneas	5.516	-1	1	-1	1	9.042	0.04309	2620	2620	-0.2316	-1.498	0.9795	2.478	2.803	-8.008	19.524	27.53	NA	2	26	1993	2018
Chlosyne fulvia	7.329	0.942857142857143	0.0166666666666667	-0.828571428571429	0.0583333333333333	0.4208	0.01905	11.65	11.63	0.5653	-0.2926	1.324	1.59	-1.688	-11.805	10.089	22.15	NA	6	26	1993	2018
Chlosyne gabbii	1.299	0.857142857142857	0.0107142857142857	-0.785714285714286	0.0279265873015873	12.76	3.258	47.18	43.93	-0.3694	-0.8401	0.08069	0.9166	-0.5056	-5.787	5.901	12.107	NA	9	26	1993	2018
Chlosyne gorgone	0.879	0.666594516594517	8.10601203578329e-08	0.168109668109668	0.219232451696784	2.404	0.8211	6.807	5.993	0.247353	-0.3312	0.8314	1.1596	0.3868	-5.954	7.9087	13.547	NA	56	26	1993	2018
Chlosyne harrisii	1.502	0.891188475390156	0	0.0723649459783914	0.61650761567926	2.078	0.7926	5.252	4.459	0.061799	-0.3834	0.4343	0.842	-2.238	-8.031	4.628	13.004	NA	59	26	1993	2018
Chlosyne hoffmanni	1.087	0.964285714285714	0.00277777777777778	-0.571428571428571	0.2	1.795	0.2119	15.58	15.36	0.7145	-0.16214	1.503	1.696	-2.331	-10.907	8.66	16.61	NA	7	26	1993	2018
Chlosyne janais	1.24	1	0.333333333333333	-0.5	1	7.208	0.0191	4235	4235	0.6915	-1.271	2.995	4.292	17.42	-1.4283	42.27	44.03	NA	3	22	1993	2016
Chlosyne lacinia	0.703	0.779644268774704	1.74532503215673e-05	-0.49901185770751	0.0164832283506192	1.822	0.392	8.354	7.931	0.6385	0.13003	1.2942	1.2679	1.779	-5.771	9.859	16.7	NA	24	26	1993	2018
Chlosyne leanira	2.098	0.966666666666667	0.000165343915343915	-0.816666666666667	0.0107694003527337	4.234	0.4636	38.38	37.9	0.09298	-0.6791	0.7989	1.46	2.557	-5.168	11.344	17.3	NA	10	26	1993	2018
Chlosyne nycteis	0.908	0.920432286389733	0	0.338939547450186	2.12378504153916e-06	4.255	2.224	7.951	5.757	0.107996	-0.3956	0.6101	0.9523	1.42	-5.113	8.551	13.672	NA	210	26	1993	2018
Chlosyne palla	1.222	0.843145161290323	5.61130017576683e-07	0.177016129032258	0.339298984991573	3.015	0.864	9.772	8.878	0.45444	-0.17778	1.07	1.3319	0.09832	-6.638	9.4986	14.897	NA	34	26	1993	2018
Chlosyne rosita	13.706	NA	NA	NA	NA	1.938e-05	0	Inf	Inf	-3.223	-52811	52818	105629	-72.47	-100	Inf	Inf	NA	1	9	1993	2001
Chlosyne theona	0.875	0.93956043956044	0	-0.818681318681319	0.00107056180175225	1.657	0.13177	20.79	20.66	0.3933	-0.2585	1.073	1.393	-0.66508	-9.186	8.932	19.52	NA	14	26	1993	2018
Chlosyne whitneyi	1.636	NA	NA	NA	NA	6.109e-11	1.473e-29	24400815	24400815	7.59	-4.283	20.15	24.43	-60.4	-89.86	42.73	132.6	NA	1	18	1993	2010
Codatractus arizonensis	1.257	0.9	0.0833333333333333	-1	0.0166666666666667	0.02428	0.000361	1.741	1.74	1.313	0.1226	2.461	2.206	-4.129	-11.789	2.2903	13.032	NA	5	26	1993	2018
Codatractus mysie	2.282	1	1	-1	1	0.8093	3.249e-07	1275489	1275489	0.175	-3.231	3.675	6.907	-4.526	-16.56	8.615	25.18	NA	2	26	1993	2018
Coenonympha haydenii	1.743	1	0.333333333333333	-1	0.333333333333333	7.913	0.3065	207.7	207.4	0.6127	-0.8249	1.927	3.004	0.2999	-7.663	8.862	16.52	NA	3	25	1993	2018
Coenonympha tullia	1.059	0.531558763816828	0	0.0985917308497953	0.222014214535585	3.326	1.149	8.779	7.574	0.3524	-0.0616	0.7215	0.7908	-0.8683	-7.3739	6.205	13.333	NA	183	26	1993	2018
Cogia caicus	1.854	1	0.0833333333333333	-0.2	0.916666666666667	0.1042	0.0010138	10.6	10.6	0.7124	-0.5188	1.951	2.41	-4.6	-12.96	3.023	14.766	NA	4	26	1993	2018
Cogia calchas	163.548	1	1	-1	1	0.002443	6.399e-05	0.09275	0.09269	1.228	0.3046	2.128	1.823	-27.05	-39.48	-11.465	28.02	NA	2	22	1993	2016
Cogia hippalus	1.175	0.892857142857143	0.0123015873015873	-0.607142857142857	0.166666666666667	0.4786	0.0569	4.573	4.516	0.9325	0.3037	1.545	1.244	-2.0668	-7.792	4.0879	12.39	NA	7	26	1993	2018
Cogia outis	63.598	NA	NA	NA	NA	0.1578	0	Inf	Inf	-0.6023	-33235	33232	66467	-11.93	-100	Inf	Inf	NA	1	22	1996	2018
Colias alexandra	1.315	0.948987854251012	0	-0.143522267206478	0.382027929902713	2.235	0.7107	6.88	6.101	0.23655	-0.2709	0.7428	1.018	-0.2546	-5.679	6.3166	12.108	NA	43	26	1993	2018
Colias cesonia	1.253	0.484047508150908	8.34913549588511e-08	0.384390178987291	3.03332455666828e-05	1.381	0.559	3.382	2.816	0.2547	-0.2679	0.7636	0.9978	0.1302	-4.189	5.426	9.58	NA	120	26	1993	2018
Colias christina	96.319	0.987878787878788	0	-0.6	0.0731198750392827	1.473	0.2574	8.461	8.207	-0.05104	-0.893	0.7418	1.691	-2.8021	-15.1	9.232	24.29	NA	10	26	1993	2018
Colias eurydice	1.395	0.742002063983488	0.000631404196578493	-0.589267285861713	0.0115089821614374	0.8622	0.2205	3.241	3.024	0.3175	-0.25168	0.9077	1.1971	-2.148	-8.147	6.3111	14.14	NA	22	26	1993	2018
Colias eurytheme	1.167	0.810548498775996	0	-0.133415229185804	0.00872029706695726	1.4578	0.533	3.84	3.284	0.7422	0.39025	1.0866	0.7305	-2.1122	-7.4861	3.373	10.252	NA	458	26	1993	2018
Colias gigantea	35.578	1	0.0833333333333333	-0.2	0.916666666666667	0.2812	0.0123	6.546	6.534	0.7011	-0.4572	1.828	2.331	-7.215	-23.54	14.42	39.23	NA	4	16	1993	2008
Colias interior	1.249	0.663414634146342	4.26773874663135e-06	-0.350871080139373	0.0250468224556437	2.169	0.7003	5.87	5.193	0.24415	-0.391	0.838	1.2285	-1.4276	-7.962	5.35	13.184	NA	45	26	1993	2018
Colias meadii	1.761	1	0.333333333333333	-0.5	1	0.06053	1.132e-05	824.9	824.9	2.631	-1.695	6.657	8.348	-2.862	-14.07	10.686	26.11	NA	3	26	1993	2018
Colias occidentalis	1.538	0.964285714285714	0.00277777777777778	-0.857142857142857	0.0238095238095238	2.759	0.2554	29.19	28.95	0.4453	-0.668	1.5427	1.823	2.685	-5.617	13.405	18.812	NA	7	26	1993	2018
Colias palaeno	110.383	NA	NA	NA	NA	155.7	0.01249	1569538	1569538	-1.858	-6.934	3.329	10.26	3.871	-5.573	14.3	19.88	NA	1	17	1999	2018
Colias pelidne	2.019	1	0.333333333333333	-0.5	1	5.548	0.005394	2480	2480	-0.13781	-2.493	2.92	5.413	-0.9572	-14.99	13.08	28.07	NA	3	24	1993	2018
Colias philodice	1.086	0.88524898214845	0	0.195198099739284	0.00057186993028405	2.1946	0.9678	4.821	3.83	0.7535	0.358	1.1472	0.8019	-1.844587	-7.026	3.686	10.291	NA	363	26	1993	2018
Colias scudderii	19.988	1	1	-1	1	0.2841	0.0001454	443	443	0.3993	-1.842	2.705	4.547	-5.47	-18.84	9.873	28.71	NA	2	25	1993	2018
Copaeodes aurantiacus	2.279	0.85427807486631	1.98249219179114e-07	-0.669117647058823	3.28253788174725e-05	0.4106	0.1575	1.0394	0.8847	0.7043	0.2983	1.1135	0.7833	-1.1981	-4.761	3.4525	8.521	NA	36	26	1993	2018
Copaeodes minimus	1.24	0.525573692220465	1.02204515467536e-07	-0.276834472262839	0.00739302150487838	1.138	0.5732	2.19	1.636	0.5616	0.18303	0.8973	0.7356	-1.6784	-8.502	5.091	13.609	NA	113	26	1993	2018
Cyanophrys herodotus	31.159	NA	NA	NA	NA	4.645e-16	0	Inf	Inf	-10.48	-62532	62554	125086	-36.34	-100	Inf	Inf	NA	1	17	1995	2016
Cyclargus ammon	1.102	NA	NA	NA	NA	1563	7.257e-22	2.50508353154e+27	2.50508353154e+27	-3.073	-25.24	19.17	44.42	-14.79	-55.2	61.63	116.8	NA	1	22	1997	2018
Cyclargus thomasi	1.017	1	1	-1	1	61.33	1.32e-09	935196360	935196360	-0.3232	-6.995	9.488	16.48	7.429	-23.49	51.31	74.8	NA	2	24	1995	2018
Cyllopsis gemma	2.064	0.655977043673012	0	-0.355683090705487	0.000438502898752114	1.316	0.673	2.511	1.839	0.2998	-0.009284	0.5711	0.5966	-0.2704	-6.157	5.742	11.69	NA	104	26	1993	2018
Cyllopsis pertepida	3.646	1	0.00277777777777778	-0.942857142857143	0.0166666666666667	0.1815	0.007544	2.028	2.02	0.6849	-0.04888	1.605	1.676	-1.6386	-7.57	5.164	13.138	NA	6	26	1993	2018
Cyllopsis pyracmon	1.092	1	0.0166666666666667	-0.9	0.0833333333333333	0.01321	0.0002713	0.6552	0.655	1.282	0.3175	2.21	1.898	-5.737	-11.96	0.5323	13.86	NA	5	26	1993	2018
Cymaenes odilia	1.735	1	0.0833333333333333	-0.8	0.333333333333333	68.7	3.912	1115	1111	-0.09122	-0.9479	0.7531	1.723	28.54	12.923	46.33	31.07	NA	4	23	1993	2016
Cymaenes tripunctus	1.952	0.946753246753247	5.16178188232691e-06	-0.492207792207792	0.0248236884755646	2.627	0.664	10.084	9.415	0.20053	-0.3203	0.7417	1.1343	6.9432	-6.035	21.091	23.79	NA	27	26	1993	2018
Danaus eresimus	1.267	0.971538461538462	7.69143627239224e-07	-0.443076923076923	0.027625593765235	4.92	1.329	17.87	16.54	-0.05299	-0.5392	0.3675	0.937	0.54684	-7.685	10.538	19.833	NA	30	26	1993	2018
Danaus gilippus	1.209	-0.0452082895013676	0.65963197738715	0.360009467704608	0.000319361996796378	1.2505	0.458	3.274	2.812	0.6029	0.1344	1.0829	1.0139	0.9646	-5.5168	7.234	12.409	NA	117	26	1993	2018
Danaus plexippus	1.36	0.78126699103506	0	-0.438108000248628	0	1.6083	0.7638	3.398	2.609	0.7206	0.454846	0.9779	0.5332	1.124531	-2.749	5.131	7.983	NA	484	26	1993	2018
Decinea percosius	NA	NA	NA	NA	NA	NA	NA	NA	NA	NA	NA	NA	NA	NA	NA	NA	NA	NA	1	10	1993	2002
Doxocopa laure	101.823	1	1	-1	1	0.1785	0.001578	20.7	20.7	0.846	-0.5926	2.27	2.863	3.345	-14.27	26.3	40.57	NA	2	22	1993	2016
Doxocopa pavon	119.448	NA	NA	NA	NA	1.196	0.07281	20.51	20.44	0.1904	-0.6083	0.9974	1.606	-0.9854	-23.29	27.78	51.07	NA	1	17	1995	2016
Dryadula phaetusa	117.734	NA	NA	NA	NA	0.2371	0	Inf	Inf	-0.3112	-21694	21676	43369	-6.529	-100	Inf	Inf	NA	1	16	1993	2010
Dryas iulia	1.662	0.673992673992674	0.000169008773187536	-0.243589743589744	0.219893416149184	2.836	1.0385	7.616	6.504	0.2546	-0.30882	0.8357	1.1957	2.665	-5.565	11.399	17.822	NA	32	26	1993	2018
Dymasia dymas	0.998	0.866666666666667	0.00268141517103888	-0.0181818181818182	0.972841176143636	4.487	0.3286	56.09	55.77	0.67733	-0.1482	1.4147	1.678	3.135	-6.113	12.699	18.35	NA	10	26	1993	2018
Electrostrymon angelia	1.29	0.975232198142415	8.35820902642545e-06	-0.0629514963880289	0.805011739019859	2.082	0.3484	11.82	11.48	0.12118	-0.5481	0.8227	1.463	1.9107	-5.876	10.472	15.31	NA	22	26	1993	2018
Electrostrymon mathewi	111.28	0.5	1	-1	0.333333333333333	7528459070	43.48	7.59710713726e+17	7.59710713726e+17	-1.517	-4.746	1.733	6.456	129.8	51.11	241.9	190.8	NA	3	26	1993	2018
Emesis ares	1.171	1	0.0833333333333333	-0.2	0.916666666666667	3.177e-05	8.072e-08	0.01287	0.01287	2.983	1.485	4.475	2.988	-2.7936	-9.415	4.0514	13.627	NA	4	26	1993	2018
Emesis emesia	50.957	NA	NA	NA	NA	0.0001648	0	Inf	Inf	-2.587	-66007	65955	131962	-100	-100	Inf	Inf	NA	1	17	1995	2016
Emesis zela	1.218	1	0.0166666666666667	-0.1	0.95	4.448	0.03827	527.5	527.5	0.2163	-0.9479	1.41	2.324	2.499	-2.664	11.188	13.701	NA	5	26	1993	2018
Enodia anthedon	1.984	0.436484822140115	2.85801938629438e-11	-0.445462339105026	8.81723818732134e-12	1.3004	0.6753	2.36	1.69	0.4691	0.20414	0.7093	0.5057	-0.5715	-3.435	2.756	6.275	NA	249	26	1993	2018
Enodia creola	3.582	0.920720720720721	0	0.112483912483912	0.512222008128082	2.016	0.7452	5.316	4.591	0.11611	-0.2809	0.4925	0.7658	1.705	-3.4882	7.735	10.971	NA	43	26	1993	2018
Enodia portlandia	1.983	0.0565206118745139	0.675466114876231	-0.68634949442572	1.10126641916127e-08	1.153	0.4682	2.745	2.278	0.3298	-0.030918	0.6536	0.685	-0.3445	-6.5667	6.276	14.865	NA	63	26	1993	2018
Epargyreus clarus	1.793	0.764247485573879	0	0.0478084461631945	0.385025678121526	2.5516	0.989	6.585	5.727	0.50601	0.1649	0.8425	0.67	0.6356	-4.915	6.136	10.67	NA	395	26	1993	2018
Epargyreus zestos	139.185	NA	NA	NA	NA	5.802e-05	0	Inf	Inf	-2.401	-60999	61014	122013	-81.71	-100	Inf	Inf	NA	1	17	2001	2018
Ephyriades brunneus	1.951	0.987878787878788	0	-0.915151515151515	0.000466722165549445	5.171	0.6162	41.66	41	0.06877	-0.7956	0.9197	1.641	0.8442	-6.754	9.703	17.759	NA	10	26	1993	2018
Erebia callias	1.401	1	1	-1	1	1.629	0.0003862	7298	7298	1.826	-2.418	6.066	8.484	-7.143	-21.48	8.82	30.31	NA	2	13	1993	2007
Erebia discoidalis	1.469	1	0.333333333333333	-1	0.333333333333333	28.94	0.04832	17379	17379	-0.3248	-3.498	2.845	6.343	7.313	-16.37	29.95	44.52	NA	3	25	1994	2018
Erebia epipsodea	1.247	0.457142857142857	0.0386285247772619	-0.21038961038961	0.358327562291079	3.338	1.0169	10.801	9.784	0.2935	-0.22333	0.7384	0.989	-4.507	-10.139	4.1613	14.756	NA	21	26	1993	2018
Erebia magdalena	20.094	NA	NA	NA	NA	0.007106	0	Inf	Inf	-2.761	-65835	65844	131679	-69.91	-100	Inf	Inf	NA	1	12	1993	2007
Erebia theano	1.409	1	1	-1	1	0.19	3.658e-05	224.7	224.7	0.8488	-2.058	4.928	6.986	-10.459	-31.22	28.415	59.64	NA	2	26	1993	2018
Erora laeta	83.626	0.928571428571429	0.00223214285714286	-0.976190476190476	0.000396825396825397	0.9288	0.001381	637.2	637.2	0.00477943	-1.779	1.783	3.564	-1.1258	-15.02	14.67	29.28	NA	8	26	1993	2018
Erora quaderna	1.544	0.8	0.333333333333333	-0.4	0.75	2.125	0.04598	179.8	179.8	0.2885	-0.822	1.245	2.046	5.336	-3.251	15.403	17.442	NA	4	26	1993	2018
Erynnis afranius	2.099	0.825174825174825	0.00171859567294698	-0.72027972027972	0.0110205186889633	0.8928	0.1499	5.626	5.478	0.05207	-0.5786	0.675	1.244	-3.343	-9.706	4.294	13.34	NA	13	26	1993	2018
Erynnis baptisiae	1.304	0.944488839900799	0	-0.02487944337283	0.732397387859937	2.081	0.8694	4.624	3.734	0.3968	0.08119	0.6802	0.5971	1.8377	-3.522	7.8673	11.467	NA	223	26	1993	2018
Erynnis brizo	3.135	0.665725578769057	0.000969918276813818	-0.289666854884246	0.190463010756398	3.569	0.7545	14.71	13.95	-7e-07	-0.3733	0.3885	0.7525	3.809	-3.852	12.566	16.29	NA	24	26	1993	2018
Erynnis funeralis	2.025	0.785160790391321	0	-0.435859955619739	2.6487056722398e-05	1.44	0.6674	2.867	2.191	0.1953	-0.103427	0.4834	0.5853	-0.8342	-3.335	2.36	5.526	NA	97	26	1993	2018
Erynnis horatius	1.697	0.511258422082156	0	0.00797894177594243	0.907332849576409	1.5185	0.5794	4.15	3.639	0.4346	0.19796	0.6467	0.465	1.1523	-4.6285	7.167	11.601	NA	261	26	1993	2018
Erynnis icelus	2.725	0.955194218608853	0	0.233672086720867	0.0359941687077275	0.5698	0.2378	1.283	1.042	0.3655	-0.007107	0.7238	0.7561	-2.718	-7.48	2.926	10.331	NA	86	26	1993	2018
Erynnis juvenalis	2	0.476613677584551	4.44793153035723e-07	-0.546676624346527	3.11538929492224e-09	0.8196	0.3939	1.68	1.288	0.4253	-0.001898	0.8203	0.8031	0.3477	-3.096	3.824	6.934	NA	112	26	1993	2018
Erynnis lucilius	1.191	0.977296181630547	8.63218808184979e-06	-0.226006191950464	0.365632627951848	2.546	0.3908	16.04	15.62	0.08215	-0.543244	0.7566	1.282	0.6639	-5.453	8	12.827	NA	19	26	1993	2018
Erynnis martialis	2.534	0.958543417366947	0	-0.860504201680672	4.18089255119984e-08	1.13	0.2113	4.699	4.495	0.1955	-0.2573	0.7295	0.9918	-0.993	-5.4	4.285	9.545	NA	35	26	1993	2018
Erynnis meridianus	4.614	0.885714285714286	0.0333333333333333	-0.828571428571429	0.0583333333333333	0.995	0.06565	14.68	14.62	0.04698	-0.7726	0.803	1.568	-4.702	-16.79	9.784	27.64	NA	7	26	1993	2018
Erynnis pacuvius	2.544	0.8003663003663	2.29669029165501e-06	-0.101953601953602	0.611548070609454	1.667	0.6312	4.334	3.7	0.2675	-0.16509	0.6429	0.771	-0.4555	-5.736	6.5392	11.793	NA	30	26	1993	2018
Erynnis persius	1.582	0.878008021390374	8.28539180269884e-08	-0.688502673796791	1.6236435901904e-05	2.584	1.05	6.382	5.306	0.2112	-0.21097	0.5706	0.7874	0.16593	-3.192	3.768	7.169	NA	35	26	1993	2018
Erynnis propertius	2.178	0.961739130434783	1.59398083449843e-06	-0.447826086956522	0.0293599047821713	1.287	0.4334	3.775	3.338	0.3141	-0.0886	0.68	0.7997	-1.8868	-6.688	3.7088	10.797	NA	30	26	1993	2018
Erynnis scudderi	93.73	1	0.333333333333333	-1	0.333333333333333	0.2719	1.104e-05	6637	6637	0.354	-2.188	2.893	5.077	-2.292	-15.64	18.884	34.52	NA	3	26	1993	2018
Erynnis telemachus	10.33	1	0.333333333333333	-0.5	1	0.06984	0.0003553	16.48	16.48	1.882	-0.7781	4.461	5.239	2.1221	-8.858	15.64	24.2	NA	3	22	1993	2016
Erynnis tristis	1.766	0.709224598930481	7.4205112160287e-06	-0.140708556149733	0.433221745673756	1.528	0.4996	3.612	3.097	0.3747	0.093605	0.6979	0.6213	-1.0815	-5.074	2.6332	7.77	NA	39	26	1993	2018
Erynnis zarucco	1.922	0.234935988620199	0.042688980965777	0.366344238975818	0.00131534472915258	1.104	0.5319	2.326	1.806	0.435	0.003611	0.8682	0.8482	0.5891	-6.479	8.083	14.25	NA	88	26	1993	2018
Euchloe ausonides	1.729	0.911096256684492	0	-0.800467914438503	5.80415124669712e-07	0.8683	0.3627	2.067	1.712	0.3492	0.019224	0.6485	0.6227	-4.513	-7.879	-0.3785	7.54	NA	37	26	1993	2018
Euchloe hyantis	2.591	0.923076923076923	0	-0.475524475524476	0.121319356446693	1.093	0.116	10.58	10.46	0.4123	-0.377744	1.0904	1.405	2.49	-6.261	13.633	20.38	NA	13	26	1993	2018
Euchloe olympia	1.35	0.883333333333333	0.00307539682539683	-0.733333333333333	0.0311232363315697	13.99	0.8784	253.5	252.7	0.03126	-0.9405	0.9834	1.84	8.087	-4.47	22.23	26.35	NA	9	26	1993	2018
Eueides isabella	19.459	NA	NA	NA	NA	0.0534	0	Inf	Inf	-0.4386	-26579	26541	53120	-15.58	-100	Inf	Inf	NA	1	16	1993	2010
Eumaeus atala	0.785	0.9	0.0833333333333333	0.3	0.683333333333333	61.87	7.226	476	469.1	0.06328	-0.5618	0.8057	1.391	7.647	-1.8361	13.36	15.19	NA	8	26	1993	2018
Eunica monima	1.161	1	0.0166666666666667	-0.7	0.233333333333333	0.06088	0.0003548	10.322	10.322	1.35	-0.23916	2.903	3.142	-4.382	-17.26	16.306	31.83	NA	5	26	1993	2018
Eunica tatila	1.404	0.8	0.333333333333333	-0.8	0.333333333333333	0.1091	0.0001754	53.42	53.42	1.976	-0.6653	4.73	5.395	0.9632	-9.257	12.19	23.05	NA	5	26	1993	2018
Euphilotes battoides	1.296	-0.068695652173913	0.749352990993542	-0.557391304347826	0.00533630553038081	2.337	0.8547	6.249	5.342	0.5185	0.07487	0.9685	0.8939	0.1912	-5.961	6.6583	12.084	NA	27	26	1993	2018
Euphilotes enoptes	1.113	0.919758064516129	4.00021587845328e-08	-0.559677419354839	0.00127681952435264	1.546	0.45	4.988	4.527	0.5536	0.04175	0.9848	0.9235	-0.34335	-5.517	6.1267	12.287	NA	34	26	1993	2018
Euphilotes rita	121.501	1	1	-1	1	0.2491	3.381e-09	47489539	47489539	0.3993	-4.891	5.404	10.3	-1.79	-23.09	25.44	48.53	NA	2	24	1993	2018
Euphydryas chalcedona	0.941	0.78866930171278	0	0.24532279314888	0.104304896463774	12.15	3.773	36.18	32.65	0.17024	-0.4708	0.7644	1.2614	3.7093	-7.188	15.169	21.39	NA	51	26	1993	2018
Euphydryas editha	1.028	0.861038961038961	0	-0.181818181818182	0.428496061373743	1.126	0.1849	6.817	6.629	0.5093	-0.14765	1.11	1.291	-2.9682	-11.085	7.078	17.07	NA	23	26	1993	2018
Euphydryas gillettii	1.868	1	1	-1	1	0.4462	0.0010035	179.3	179.3	1.472	-1.789	4.796	6.585	0.68191	-8.912	12.798	21.71	NA	2	25	1993	2018
Euphydryas phaeton	1.093	0.837872855278326	0	0.032819838615946	0.735589137562844	4.309	2.262	8.116	5.854	0.30739	-0.151	0.7374	0.9382	1.5932	-5.28	9.149	13.634	NA	129	26	1993	2018
Euphyes arpa	3.696	0.969040247678019	7.43374267005337e-06	-0.750257997936017	0.000506682798635152	0.1117	0.02696	0.4528	0.4251	1.0347	0.4974	1.528	1.056	-0.4381	-5.41	5.377	10.809	NA	22	26	1993	2018
Euphyes bayensis	123.049	NA	NA	NA	NA	1.028	0.05069	21.05	20.99	-0.02416	-1.506	1.451	2.957	-2.955	-24.64	24.9	49.55	NA	1	15	2000	2016
Euphyes berryi	2.414	1	0	-0.208791208791209	0.493486137243575	1.838	0.1679	19.77	19.6	0.14504	-0.6447	0.9379	1.567	0.9351	-7.183	11.083	17.69	NA	15	26	1993	2018
Euphyes bimacula	2.098	0.943162719633308	0	-0.177998472116119	0.312538443031493	0.9602	0.257	3.478	3.222	0.2805	-0.17785	0.7139	0.8891	-0.08911	-5.585	6.552	12.179	NA	37	26	1993	2018
Euphyes conspicua	1.653	0.922960559889188	0	-0.00524896114310709	0.961500959051938	1.243	0.6697	2.264	1.598	0.4031	0.04327	0.7084	0.6785	-1.39586	-6.536	4.333	10.962	NA	104	26	1993	2018
Euphyes dion	1.655	0.813154960981048	0	0.258255487640795	0.0052421755145395	1.345	0.5485	3.179	2.615	0.3034	0.01547	0.5637	0.5611	0.09687	-5.434	6.18	11.531	NA	128	26	1993	2018
Euphyes dukesi	2.224	0.752321981424149	0.000478678441592701	-0.316821465428277	0.199854666294735	0.6376	0.1102	3.598	3.489	0.631	-0.07775	1.459	1.437	0.2161	-6.637	9.182	15.783	NA	18	26	1993	2018
Euphyes pilatka	2.73	0.971767363071711	3.40047344631159e-06	-0.735742518351214	0.000145406549181315	0.5158	0.1129	2.315	2.2	0.409	-0.17277	0.9398	1.113	-3.475	-11.107	7.3278	17.94	NA	24	26	1993	2018
Euphyes vestris	1.564	0.840704929745178	0	-0.309434521446905	1.52856252424438e-08	1.825	1.0594	2.941	1.911	0.46843	0.1491	0.7776	0.6344	0.3277	-4.353	5.145	9.336	NA	383	26	1993	2018
Euptoieta claudia	1.196	0.501957549548759	0	-0.129304221099155	0.0300032381951902	1.5244	0.6957	3.236	2.562	0.5399	0.19471	0.8848	0.6808	1.1808	-4.698	7.521	11.843	NA	329	26	1993	2018
Euptoieta hegesia	1.253	1	4.96031746031746e-05	-0.0952380952380952	0.840128968253968	34.32	1.417	773.5	772	-0.3912	-1.155	0.3873	1.547	8.351	-1.1853	19.15	20.96	NA	8	26	1993	2018
Eurema boisduvaliana	73.562	0.942857142857143	0.0166666666666667	0.0857142857142857	0.919444444444444	0.2059	0.001107	14.27	14.27	0.7906	-0.3661	2.113	2.491	-0.434	-10.335	7.019	17.206	NA	6	26	1993	2018
Eurema daira	1.047	0.650066135531699	8.62167638344587e-08	-0.186871327939955	0.159789432826028	4.811	2.11	11.038	8.967	0.30275	-0.09535	0.6976	0.8671	2.731	-5.443	11.214	15.998	NA	72	26	1993	2018
Eurema dina	1.704	1	0.00277777777777778	-0.714285714285714	0.136111111111111	0.1389	0.003985	4.155	4.152	1.2387	0.108	2.465	2.163	5.026	-6.0349	20.622	27.84	NA	6	26	1993	2018
Eurema lisa	1.029	0.871486271011429	0	-0.486524822695036	0	3.238	1.1297	8.059	6.935	0.35483	-0.07271	0.7762	0.863	3.734	-1.884	9.551	11.032	NA	272	26	1993	2018
Eurema mexicana	0.989	0.71008064516129	1.3693938230736e-05	-0.302016129032258	0.0988858012047816	0.3216	0.08456	1.142	1.0534	0.5959	0.08658	1.1277	0.989	-3.423	-8.923	1.5846	10.795	NA	33	26	1993	2018
Eurema nicippe	1.344	0.788930431424993	0	-0.118098000621568	0.0983443848807733	1.671	0.93	2.916	1.986	0.5237	0.08858	0.9738	0.8426	1.914	-4.811	8.986	14.3	NA	228	26	1993	2018
Eurema nise	1.702	0.952380952380953	0.00114087301587302	-0.666666666666667	0.0830853174603175	0.9364	0.05199	16.45	16.39	0.3494	-0.5529	1.182	1.759	-2.3681	-12.12	11.418	25.54	NA	8	26	1993	2018
Eurema proterpia	0.575	0.842424242424242	0.00445902899690778	-0.163636363636364	0.656721421523199	0.03418	0.001142	0.9967	0.9955	1.722	0.5947	2.711	2.052	-1.7243	-10.943	6.235	19.25	NA	10	26	1993	2018
Eurytides marcellus	1.643	0.0620080500894454	0.484620603188654	-0.286130366726297	0.00105641759922375	1.7874	0.567	5.231	4.651	0.3693	-0.08595	0.8003	0.8738	1.8881	-4.882	9.12	14.2	NA	149	26	1993	2018
Eurytides philolaus	116.569	-1	1	1	1	0.04147	3.951e-19	4237499631390000	4237499631390000	0.8316	-9.371	11.03	20.4	-8.641	-59.62	120.27	179.9	NA	2	22	1993	2016
Everes amyntula	1.425	0.470039079461572	0.000855163379923817	-0.393074250976987	0.00603262571448335	1.441	0.483	3.813	3.366	0.2389	-0.17743	0.6401	0.8099	-2.5174	-9.373	4.4297	13.518	NA	50	26	1993	2018
Everes comyntas	1.546	0.333383203889903	3.77553356452053e-09	-0.291883126883897	2.87049853362611e-07	2.895	1.0807	8.258	7.12	0.6424	0.3195	0.9413	0.6282	2.4339	-2.638	8.017	10.517	NA	357	26	1993	2018
Feniseca tarquinius	5.311	0.919832881461398	0	0.16869549757767	0.0391606072629538	1.205	0.7631	1.883	1.124	0.1482	-0.030753	0.3123	0.3486	-0.17698	-3.211	3.0839	6.384	NA	164	26	1993	2018
Ganyra josephina	140.589	1	0.0833333333333333	-1	0.0833333333333333	0.009693	0.0002071	0.4638	0.4636	1.423	0.3782	2.488	2.131	-8.817	-21.67	6.197	27.02	NA	4	23	1993	2016
Gesta gesta	0.772	1	0.333333333333333	-0.5	1	0.06861	0.0002828	15.43	15.43	2.305	-0.3025	4.894	5.232	7.372	-19.97	39.46	56.98	NA	3	23	1993	2018
Glaucopsyche lygdamus	1.261	0.921570564267193	0	0.32737374984566	0.00172079680064455	1.372	0.6263	2.77	2.157	0.3901	0.07744	0.6893	0.6352	-2.68221	-6.982	1.5457	8.473	NA	100	26	1993	2018
Glaucopsyche piasus	1.867	0.816883116883117	4.93042996127188e-06	-0.45974025974026	0.0374330563707636	1.623	0.4876	5.379	4.897	0.114608	-0.384732	0.5864	0.9213	-2.757	-7.589	2.132	10.103	NA	23	26	1993	2018
Grais stigmatica	116.439	-1	1	-1	1	0.9994	3.378e-14	28622352650600	28622352650600	-0.0001225	-7.489	7.48	14.97	-0.003522	-60.41	166	226.4	NA	2	22	1993	2016
Gyrocheilus patrobas	8.183	NA	NA	NA	NA	0.1993	0	Inf	Inf	-0.9113	-37451	37499	74950	-17.1	-100	Inf	Inf	NA	1	15	1999	2018
Habrodais grunus	0.873	0.967857142857143	0	-0.892857142857143	0	0.0227	0.003007	0.1712	0.1683	1.467	0.7282	2.228	1.575	-5.888	-13.87	2.6783	15.917	NA	18	26	1993	2018
Hamadryas amphinome	10.114	NA	NA	NA	NA	0.1321	0	Inf	Inf	-0.4885	-22699	22730	45429	-8.577	-100	Inf	Inf	NA	1	17	1995	2016
Hamadryas februa	122.701	NA	NA	NA	NA	20.92	0.0002046	2089356	2089356	-0.4661	-3.838	2.905	6.743	14.98	-6.554	41.35	47.91	NA	1	17	1995	2016
Hamadryas guatemalena	116.611	-1	0.333333333333333	1	0.333333333333333	0.001879	6.043e-34	5.88831711685e+27	5.88831711685e+27	1.616	-17.63	20.86	38.49	-15.73	-82.6	308	390.6	NA	3	22	1993	2016
Heliconius charithonia	1.317	0.916678058783322	0	-0.0708817498291183	0.60274818285451	4.703	2.2016	9.243	7.779	0.32861	-0.06881	0.7791	0.8902	2.816	-2.705	8.94	11.181	NA	70	26	1993	2018
Heliconius erato	42.932	NA	NA	NA	NA	1.206	0.08266	18.41	18.32	0.1224	-0.7159	0.9507	1.667	1.722	-19.95	29.25	49.2	NA	1	17	1995	2016
Heliopetes domicella	4.392	1	0.0833333333333333	-0.8	0.333333333333333	3.144	0.1827	51.98	51.8	0.002895	-0.6966	0.6712	1.336	-0.4621	-9.763	8.573	17.08	NA	4	26	1993	2018
Heliopetes ericetorum	1.199	0.837944664031621	1.70703620223402e-06	0.109683794466403	0.617141302372702	0.6167	0.1407	2.646	2.502	0.4737	-0.12433	1.1307	1.245	-2.559	-7.098	2.771	9.88	NA	26	26	1993	2018
Heliopetes laviana	1.228	0.9	0.0833333333333333	-0.6	0.35	0.1682	0.008968	3.068	3.059	1.527	0.3233	2.604	2.264	6.787	-11.375	21.4726	32.19	NA	5	24	1993	2016
Heliopetes macaira	1.194	0.857142857142857	0.0238095238095238	-0.428571428571428	0.353571428571429	2.893	0.2103	40.46	40.25	0.7206	-0.05599	1.51	1.68	11.938	-0.7935	29.48	30.76	NA	7	25	1993	2018
Heliopetes sublinea	51.644	NA	NA	NA	NA	7.033e-60	0	Inf	Inf	-40.45	-166870	166875	333745	-100	-100	Inf	Inf	NA	1	17	1995	2016
Hemiargus ceraunus	1.07	0.67541382667965	0	0.232205452775073	0.0396915200499088	2.228	0.9735	4.889	3.877	0.592	0.1387	1.0507	0.9576	1.5152	-7.336	10.513	17.635	NA	98	26	1993	2018
Hemiargus isola	1.21	0.858447488584475	0	-0.721043153900572	0	1.859	0.7839	3.971	3.241	0.26174	-0.14273	0.687	0.8322	-0.5308	-5.961	5.458	11.035	NA	78	26	1993	2018
Hermeuptychia sosybius	1.267	0.287943351691581	0.00123411927319778	-0.177554681353265	0.0486234631627748	2.689	1.3321	5.226	3.923	0.60992	0.1855	1.0673	0.9117	-0.3723	-6.29	6.128	11.845	NA	143	26	1993	2018
Hesperia attalus	2.797	0.983516483516483	0	-0.0384615384615385	0.906202123878284	0.5522	0.04796	6.569	6.522	0.4441	-0.40727	1.313	1.69	0.79963	-8.149	10.135	17.08	NA	13	26	1993	2018
Hesperia columbia	154.213	0.5	1	-1	0.333333333333333	1.228	0.0007857	2140	2140	0.07454	-2.484	2.577	5.061	0.4239	-9.072	10.32	19.38	NA	4	26	1993	2018
Hesperia comma	1.3	0.915686274509804	0	-0.250700280112045	0.146024458242302	4.07	1.507	11	9.529	0.05489	-0.5098	0.6211	1.0806	0.9226	-6.1586	9.274	16.01	NA	37	26	1993	2018
Hesperia dacotae	130.467	1	0.333333333333333	-1	0.333333333333333	3.53	0.001905	7314	7314	-0.3907	-3.069	2.24	5.309	3.416	-17.87	30.72	48.59	NA	3	26	1993	2018
Hesperia juba	2.384	0.926153846153846	1.09889291703986e-06	-0.571965811965812	0.0026842983843545	3.836	1.285	11.76	10.459	-0.026995	-0.4651	0.4015	0.8404	1.6229	-2.365	6.032	8.602	NA	27	26	1993	2018
Hesperia leonardus	1.571	0.885714285714286	0.0333333333333333	-0.885714285714286	0.0333333333333333	0.5648	0.00678	55.37	55.36	0.4622	-0.8885	1.577	2.46	-5.97	-32.14	29.08	61.14	NA	6	26	1993	2018
Hesperia lindseyi	1.673	1	0.0833333333333333	0.4	0.75	1.742	0.02547	57.23	57.21	-0.04921	-1.092	1.188	2.25	-8.372	-28.67	21.87	50.49	NA	5	26	1993	2018
Hesperia meskei	73.271	0.967032967032967	0	0.241758241758242	0.425758800174326	4.887	0.2232	99.3	99.07	-0.3867	-1.362	0.5817	1.958	-0.7949	-17.729	18.67	32.23	NA	14	26	1993	2018
Hesperia metea	55.581	NA	NA	NA	NA	25.09	0.2685	3219	3219	-1.129	-2.353	0.02502	2.378	-23.74	-39.79	-2.056	37.74	NA	1	25	1994	2018
Hesperia miriamae	49.291	NA	NA	NA	NA	0.5635	0	Inf	Inf	-0.2142	-14933	14921	29854	-31.87	-100	Inf	Inf	NA	1	11	2005	2018
Hesperia nevada	2.568	0.826470588235294	9.55995231668014e-05	-0.726470588235294	0.00204770961184661	4.355	0.8702	22.81	21.96	-0.05179	-0.6108	0.4257	1.0673	1.5035	-4.664	11.365	15.41	NA	16	26	1993	2018
Hesperia ottoe	1.376	0.983333333333333	4.96031746031746e-05	-0.983333333333333	4.96031746031746e-05	3.831	0.167	80.66	80.49	0.10421	-0.8514	1.1444	2.07	2.9133	-7.507	12.986	20.68	NA	10	26	1993	2018
Hesperia pahaska	1.558	0.745454545454545	0.0184138413143277	-0.939393939393939	0	0.1408	0.02254	0.7693	0.7451	0.7849	0.3027	1.254	0.9385	-6.478	-11.321	-1.9297	9.492	NA	10	26	1993	2018
Hesperia sassacus	2.365	0.269657724329325	0.0670534926371371	-0.831174838112859	0	4.563	1.786	10.659	8.848	-0.13022	-0.4353	0.1799	0.6238	1.1684	-3.0435	5.85	9.153	NA	55	26	1993	2018
Hesperia uncas	95.078	0.901098901098901	0	-0.686813186813187	0.0120133547062648	0.8462	0.2048	3.63	3.424	0.2514	-0.2423	0.7276	0.966	-1.0891	-6.227	4.959	11.795	NA	14	26	1993	2018
Hesperia viridis	2.082	0.892857142857143	0.0123015873015873	-0.964285714285714	0.00277777777777778	0.7198	0.08597	5.346	5.251	0.5951	-0.3188	1.368	1.672	0.6709	-10.46	10.944	22.903	NA	7	26	1993	2018
Hesperia woodgatei	118.908	NA	NA	NA	NA	0.9999	0.1027	9.7	9.597	-1.069e-05	-0.68	0.6791	1.359	-0.000235	-15.08	17.74	32.81	NA	1	26	1993	2018
Hesperopsis alpheus	4.111	1	1	1	1	9.202	0.02409	4593	4593	-0.1852	-1.71	1.305	3.015	1.9653	-6.474	15.44	21.91	NA	2	26	1993	2018
Hesperopsis libya	11.18	1	1	-1	1	0.00148	4.918e-09	135	135	1.619	-0.4748	3.814	4.289	-23.37	-58.37	36.24	94.61	NA	2	24	1995	2018
Historis acheronta	4.324	NA	NA	NA	NA	0.1614	0	Inf	Inf	-0.3438	-18136	18124	36260	-50.03	-100	Inf	Inf	NA	1	17	1995	2016
Hylephila phyleus	1.472	0.72366354823414	0	-0.109862996904404	0.0915004466238778	1.7882	0.6818	4.566	3.866	0.5959	0.2464	0.917	0.6788	1.0743	-4.28	6.738	10.775	NA	283	26	1993	2018
Hypaurotis crysalus	2.472	0.885714285714286	0.0333333333333333	-0.771428571428571	0.102777777777778	20.2	0.2816	1691	1690	-0.6076	-1.993	0.5187	2.495	3.807	-11.407	20.2843	32.14	NA	6	26	1993	2018
Junonia coenia	1.169	0.653836012816351	0	-0.138095896791678	0.00984227695090485	3.218	1.2558	8.373	7.015	0.47394	0.11691	0.8209	0.6841	3.803	-1.3269	9.139	10.408	NA	419	26	1993	2018
Junonia evarete	0.917	0.740350877192982	0.000433604967808545	-0.13859649122807	0.570275825717876	14.92	3.123	67.26	64.2	-0.23926	-0.9088	0.3643	1.289	2.5318	-4.5744	10.832	15.92	NA	25	26	1993	2018
Junonia genoveva	0.801	0.66798418972332	0.000920256436010207	-0.123658949745906	0.582162721130976	0.2246	0.02095	2.222	2.203	0.8693	0.14413	1.605	1.466	-3.598	-14.083	8.595	21.302	NA	24	26	1993	2018
Kricogonia lyside	0.511	0.68961038961039	0.000758162291815782	-0.894805194805195	2.64525628201678e-06	6.249	0.724	57.9	57.23	-0.01879	-0.8725	0.9346	1.756	-3.417	-11.952	7.336	18.79	NA	23	26	1993	2018
Leptotes cassius	1.382	0.938836772983114	0	-0.450281425891182	0.00386675240328515	4.816	1.944	11.41	9.319	0.25064	-0.2883	0.8591	1.0785	2.715	-3.997	10.475	14.014	NA	55	26	1993	2018
Leptotes marina	1.148	0.895565610859728	0	-0.418642533936652	0.00242128336028342	1.938	0.5993	4.399	3.809	0.19846	-0.3234	0.7629	1.0537	-0.4974	-8.169	7.883	15.42	NA	57	26	1993	2018
Lerema accius	1.691	0.631230177474864	0	-0.0859726413002613	0.30179267818417	1.217	0.569	2.402	1.841	0.5222	0.0925	0.9122	0.8034	2.115	-5.248	9.993	15.224	NA	170	26	1993	2018
Lerodea arabus	72.901	0.964285714285714	0.00277777777777778	-0.5	0.266666666666667	0.6606	0.007864	46.28	46.27	0.4703	-0.6454	1.659	2.36	6.714	-11.74	35.05	49.17	NA	7	26	1993	2018
Lerodea dysaules	98.133	1	0.333333333333333	-1	0.333333333333333	2.202	0.02185	218.5	218.5	-0.1234	-1.38	1.127	2.507	-2.29967	-16.1	13.81	29.87	NA	3	22	1993	2016
Lerodea eufala	2.2	0.726335162164039	0	-0.0560872282797416	0.542372013040998	1.261	0.7247	2.153	1.43	0.22754	-0.09398	0.5558	0.6456	-0.4512	-4.3386	4.099	8.532	NA	140	26	1993	2018
Libytheana carinenta	1.098	0.692047539106363	0	-0.207726772432655	0.00194281802524571	1.1189	0.3303	3.451	3.102	0.4351	-0.017852	0.8861	0.9351	0.09918	-4.672	5.195	9.525	NA	247	26	1993	2018
Limenitis archippus	2.422	0.793748268444917	0	-0.0811948806102967	0.136255527242964	0.8139	0.5324	1.215	0.6817	0.5367	0.29435	0.7642	0.456	-1.06191	-5.0732	3.162	8.291	NA	401	26	1993	2018
Limenitis arthemis	1.759	0.497998408071713	0	-0.110341764970066	0.0479281396529867	1.2081	0.4985	2.841	2.332	0.5958	0.3311	0.848	0.5186	-0.6079	-4.1696	3.119	7.149	NA	382	26	1993	2018
Limenitis lorquini	2.578	0.925593609804136	0	0.386366123208228	0.0171582479955505	2.626	1.2556	5.12	3.914	0.6023	0.3316	0.8723	0.6134	0.49205	-2.5367	4.175	6.965	NA	44	26	1993	2018
Limenitis weidemeyerii	2.017	0.846153846153846	0.000178547225802953	-0.70989010989011	0.00597220226870214	0.9592	0.3864	2.41	2.057	0.6344	0.21896	1.0413	0.9286	-1.786	-6.465	2.9892	10.313	NA	16	26	1993	2018
Lycaeides idas	0.996	0.536764705882353	0.0283494358284639	-0.0906862745098039	0.72970303386179	6.174	1.2807	23.63	22.29	0.4247	-0.2416	1.2437	1.3471	2.9111	-7.254	12.6621	19.29	NA	17	26	1993	2018
Lycaeides melissa	1.137	0.796161909369456	0	-0.43347847121432	0.00131111257247825	3.161	1.2111	7.476	6.341	0.3209	-0.171269	0.7773	0.9768	-1.3003	-7.862	5.641	13.66	NA	58	26	1993	2018
Lycaena arota	1.556	0.321428571428571	0.242415461665461	-0.178571428571429	0.523513367920213	2.246	0.5774	8.461	7.847	0.09963	-0.51844	0.6178	1.104	-0.8808	-10.017	8.948	16.94	NA	18	26	1993	2018
Lycaena cupreus	2.335	0.696969696969697	0.0311410954595681	-0.878787878787879	0.0019770587107552	0.381	0.04506	3.077	3.033	0.3993	-0.31367	1.1423	1.419	-9.69	-19.12	-1.238	17.2	NA	10	26	1993	2018
Lycaena dione	1.697	0.972715572715573	0	-0.39021879021879	0.0192691805089351	1.12	0.4268	2.868	2.445	0.2351	-0.14111	0.6312	0.7679	-3.653	-9.324	2.6602	11.703	NA	38	26	1993	2018
Lycaena dorcas	1.267	0.899509803921569	0	-0.759803921568628	0.00061331078342132	3.505	0.7448	15.91	15.15	0.04103	-0.7166	0.7668	1.425	-2.628	-11.046	7.58	16.35	NA	17	26	1993	2018
Lycaena editha	1.723	0.917857142857143	0	-0.203571428571429	0.465749711122254	2.317	0.6966	7.532	6.906	0.4848	-0.029833	0.9241	0.9662	2.2819	-4.612	11.006	13.919	NA	15	26	1993	2018
Lycaena epixanthe	1.175	0.898069498069498	0	-0.49009009009009	0.00270385535239736	5.648	2.041	15.55	13.58	0.258536	-0.3131	0.7606	1.0603	0.1522	-4.966	6.662	12.05	NA	40	26	1993	2018
Lycaena gorgon	2.508	0.409090909090909	0.213864224336727	-0.0636363636363636	0.860103507719015	1.035	0.2701	3.967	3.7	0.499	-0.1241	1.055	1.1282	-1.6627	-7.881	6.99021	14.178	NA	15	26	1993	2018
Lycaena helloides	1.114	0.78211245562469	0	-0.250486696950032	0.0396382242188929	2.429	0.9943	5.701	4.727	0.148562	-0.3009	0.5955	0.947	-1.091	-5.644	4.5958	10.165	NA	74	26	1993	2018
Lycaena heteronea	1.053	0.948051948051948	3.97738009413851e-06	0.235460191981931	0.290108446347552	4.574	0.8224	21.88	20.87	0.3197	-0.16159	0.8683	1.0619	1.2401	-7.2013	10.78	16.47	NA	23	26	1993	2018
Lycaena hyllus	2.525	0.676038903625111	0	-0.46425528494494	6.93578764473557e-09	0.7366	0.4301	1.235	0.8056	0.3955	0.1267	0.6576	0.5296	-2.202	-5.267	1.2708	6.504	NA	160	26	1993	2018
Lycaena mariposa	2.042	0.745454545454545	0.0184138413143277	-0.515151515151515	0.132823060175966	1.526	0.2876	6.894	6.616	0.6325	-0.01951	1.279	1.3575	2.684	-2.47	10.052	12.838	NA	10	26	1993	2018
Lycaena nivalis	1.244	0.991176470588235	3.24347271672809e-06	-0.9	0	1.703	0.2962	8.782	8.475	0.6537	0.04613	1.286	1.2987	2.496	-5.241	11.6765	19.383	NA	16	26	1993	2018
Lycaena phlaeas	1.163	0.783977455716586	0	0.102659880377272	0.194803154844008	1.587	0.8008	2.838	2.051	0.43022	-0.00704	0.8773	0.8415	-0.8878	-6.5202	5.284	11.865	NA	197	26	1993	2018
Lycaena rubidus	1.754	0.544117647058823	0.0316379602842238	-0.552941176470588	0.0285876158585003	6.816	1.297	31.3	29.97	-0.2617	-0.8404	0.3207	1.176	-1.7764	-10.181	6.093	15.59	NA	17	26	1993	2018
Lycaena xanthoides	1.883	0.593506493506494	0.00536970156130125	-0.231168831168831	0.311867652942965	1.103	0.3193	3.862	3.525	0.5654	0.01934	1.0359	0.989	-1.7142	-8.328	6.413	14.599	NA	24	26	1993	2018
Marpesia chiron	18.639	NA	NA	NA	NA	0.334	0	Inf	Inf	-0.234	-26685	26663	53348	-21.4	-100	Inf	Inf	NA	1	17	1995	2016
Marpesia petreus	1.575	0.877450980392157	0	-0.718137254901961	0.00165183106670571	1.471	0.4955	4.48	4	0.7568	0.24597	1.193	0.9884	6.799	-2.4757	13.678	17.677	NA	22	26	1993	2018
Megathymus cofaqui	195.941	1	1	-1	1	2.156	0.05454	57.26	57.21	-0.1167	-1.27	1.1993	2.47	-1.306	-11.49	10.394	21.88	NA	2	18	2001	2018
Megathymus streckeri	128.98	NA	NA	NA	NA	0.003936	1.002e-06	16.09	16.09	3.702	-0.6366	8.011	8.648	21.61	-2.406	51.42	53.83	NA	1	11	1993	2004
Megathymus ursus	117.428	1	1	1	1	0.9986	2.926e-27	3.62543876211e+26	3.62543876211e+26	-0.000314	-14.11	14.12	28.23	-0.0011595	-28.38	42.81	71.19	NA	2	26	1993	2018
Megathymus yuccae	111.672	1	0.00277777777777778	-1	0.00277777777777778	45.08	1.276	2130	2129	-0.7334	-2.065	0.6399	2.788	10.617	-10.893	44.72	56.83	NA	6	25	1994	2018
Megisto cymela	1.384	0.576293254915016	0	-0.296513097461885	8.26909372023615e-07	2.602	0.9545	6.602	5.613	0.39571	-0.056	0.826	0.8717	-0.7416	-6.213	5.228	10.687	NA	319	26	1993	2018
Megisto rubricata	1.101	0.833333333333333	0.00826719576719577	0.533333333333333	0.147525352733686	0.2051	0.009679	4.263	4.253	0.9497	0.04949	1.879	1.689	-2.836	-11.668	5.273	16.764	NA	9	26	1993	2018
Melanis pixe	1.704	1	1	1	1	1.029	0.03199	29.52	29.49	1.098	0.07683	2.084	2.007	16.17	0.22	35.81	35.59	NA	2	22	1993	2016
Mestra amymone	1.443	0.923076923076923	0	-0.884615384615385	0	0.5996	0.06664	5.394	5.336	0.7199	-0.08779	1.531	1.591	4.04	-4.249	14.969	20.16	NA	14	26	1993	2018
Microtia elva	123.516	NA	NA	NA	NA	1.219e-07	3.528e-15	4.199	4.199	3.997	-0.3297	8.316	8.646	-22.21	-62.25	60.11	122.4	NA	1	26	1993	2018
Ministrymon azia	89.058	1	0	-0.772727272727273	0.00806166279658787	2.591	0.11252	53.27	53.17	0.2222	-0.9755	1.469	2.429	6.698	-2.321	17.02	19.49	NA	11	26	1993	2018
Ministrymon clytie	0.769	1	1	1	1	11.06	0.08225	1348	1348	0.4767	-0.93	1.83	2.76	14.37	-5.737	39.87	45.6	NA	2	22	1993	2016
Ministrymon leda	0.649	0.979020979020979	0	-0.951048951048951	0	0.4621	0.03771	5.934	5.893	0.6817	-0.14945	1.424	1.643	-6.131	-12.42	4.095	18.025	NA	12	26	1993	2018
Myscelia cyananthe	119.332	NA	NA	NA	NA	0.9999	0.1051	9.482	9.376	-8.439e-06	-0.5543	0.5536	1.108	-0.0002389	-15.32	18.08	33.4	NA	1	26	1993	2018
Myscelia ethusa	1.61	0.5	1	0.5	1	3.203	0.2837	36.41	36.13	0.5504	-0.231	1.29	1.535	5.504	-3.632	15.26	18.16	NA	3	22	1993	2016
Nastra julia	10.305	0.985294117647059	4.58889014915586e-07	0.0235294117647059	0.93450669542392	1.717	0.3566	8.575	8.228	0.06122	-0.5042	0.6067	1.1054	2.1829	-4.187	9.967	14	NA	19	26	1993	2018
Nastra lherminier	2.027	0.0671382053061442	0.445610507653261	-0.684508621149842	0	1.237	0.6754	2.248	1.583	0.24986	-0.10519	0.5778	0.6665	-0.4905	-6.2142	5.654	11.905	NA	146	26	1993	2018
Nastra neamathla	85.317	0.991242474001095	0	0.33223864258347	0.0845600503190802	1.0773	0.289	3.695	3.43	0.1919	-0.2668	0.6865	0.9354	-0.63687	-6.182	5.92	12.088	NA	31	26	1993	2018
Nathalis iole	0.802	0.32122773466517	4.75641865218298e-05	0.07256088887484	0.367625918731855	2.212	0.5664	7.873	7.388	0.591	0.1466	0.9883	0.84	1.9681	-7.495	11.328	17.09	NA	179	26	1993	2018
Neominois ridingsii	1.795	0.976190476190476	0.000396825396825397	-0.666666666666667	0.0830853174603175	0.6577	0.03607	12.24	12.2	0.7389	-0.26477	1.752	1.976	1.8703	-10.285	18.014	27.82	NA	8	26	1993	2018
Neonympha areolata	1.413	0.78	7.60162222923874e-06	-0.136923076923077	0.512344677128291	1.112	0.2781	4.381	4.122	0.7119	0.12618	1.219	1.1358	-0.4621	-7.535	10.3997	18.405	NA	29	26	1993	2018
Neophasia menapia	1.597	0.956140350877193	6.757450225621e-06	-0.9	0	34.09	4.151	288.8	284.5	-0.7336	-1.432	-0.06376	1.392	2.105	-7.431	13.983	20.61	NA	19	26	1993	2018
Neophasia terlooii	94.054	1	0.333333333333333	-1	0.333333333333333	4.613	0.009474	4357	4357	-0.3866	-2.537	1.462	4.028	0.2833	-19.89	18.96	33.86	NA	3	26	1993	2018
Notamblyscirtes simius	69.347	0.5	1	-1	0.333333333333333	7.956	0.00144	29801	29801	0.1924	-1.575	2.028	3.603	11.26	-10.282	34.84	45.13	NA	3	26	1993	2018
Nyctelius nyctelius	120.054	NA	NA	NA	NA	1.138	0.07009	19.13	19.06	0.05801	-0.6806	0.7965	1.477	-3.67	-24.79	23.33	48.13	NA	1	17	1995	2016
Nymphalis antiopa	1.923	0.613354700420156	0	-0.0866017790540183	0.12871154962792	1.1148	0.583	2.051	1.4382	0.3822	0.15629	0.59	0.4427	-0.185	-3.1988	3.058	6.272	NA	364	26	1993	2018
Nymphalis californica	0.47	0.919903709377394	0	0.413064886749097	0.0104665778670292	6.798	0.8573	51.4	50.51	0.4139	-0.4869	1.279	1.757	7.368	-7.78633	24.396	33.03	NA	43	26	1993	2018
Nymphalis milberti	1.407	0.814635651142838	0	-0.609293088988075	0	0.824	0.4534	1.478	1.0262	0.3998	0.08428	0.7275	0.6425	-3.035	-6.137	0.1638	6.253	NA	165	26	1993	2018
Nymphalis vaualbum	1.226	0.952460247494041	0	-0.558428837300421	8.76586169116129e-08	2.536	1.0278	5.751	4.737	0.1324	-0.15962	0.4048	0.5771	2.987	-0.3313	6.491	6.852	NA	94	26	1993	2018
Oarisma edwardsii	2.561	1	0.00277777777777778	-0.485714285714286	0.355555555555556	1.0139	0.02693	28.67	28.64	0.05306	-0.8353	1.04	1.882	-7.761	-14.51	1.6977	17.353	NA	6	26	1993	2018
Oarisma garita	1.279	0.901185770750988	3.25754683716848e-06	-0.576086956521739	0.00468213604350978	2.907	1.0737	8.071	7.042	0.3478	-0.10369	0.7581	0.8351	-2.092	-7.689	4.6424	12.38	NA	24	26	1993	2018
Oarisma poweshiek	2.527	0.8	0.333333333333333	-0.4	0.75	3.243	0.06763	139	139	-0.0517	-1.4797	1.419	2.823	-3.35	-13.7	7.07	21.07	NA	4	26	1993	2018
Ochlodes agricola	1.754	0.909313725490196	0	-0.360294117647059	0.155839438178497	3.36	1.2306	9.005	7.803	0.4699	0.00742	0.9667	1.0072	0.5803	-4.753	6.1527	11.654	NA	23	26	1993	2018
Ochlodes sylvanoides	1.222	0.43249299719888	0.0100250511305951	0.471708683473389	0.00462947170612756	4.502	0.9295	21.173	20.307	-0.03676698	-0.5609	0.4974	1.0612	1.3447	-7.758	9.955	17.02	NA	41	26	1993	2018
Ochlodes yuma	3.933	1	0.00277777777777778	-0.885714285714286	0.0333333333333333	1.575	0.1768	13.19	13.02	0.11882	-0.7358	0.9863	1.68	1.2978	-11.036	16.752	27.78	NA	6	26	1993	2018
Oeneis chryxus	1.032	0.885714285714286	0	-0.393406593406593	0.165148135976131	3.716	1.019	11.95	10.88	0.4234	-0.05415	0.8975	0.9844	-1.7574	-7.606	5.422	11.92	NA	15	26	1993	2018
Oeneis jutta	88.254	0.942857142857143	0.0166666666666667	-0.142857142857143	0.802777777777778	0.8995	0.05826	17.07	17.02	0.2594	-1.0794	1.379	2.467	-3.125	-14.04	10.845	24.12	NA	6	25	1994	2018
Oeneis macounii	2.026	0.9	0.0833333333333333	-0.6	0.35	2.004	0.2842	19.26	18.96	-0.13692	-1.123	0.8416	2.088	-6.256	-15.44	2.5751	18.85	NA	5	26	1993	2018
Oeneis melissa	9.753	NA	NA	NA	NA	1644	1.092	11384336	11384335	-2.029	-6.582	1.793	8.375	100.1	26.23	224.1	197.8	NA	1	7	1993	1999
Oeneis nevadensis	1.372	0.942857142857143	0.0166666666666667	-0.428571428571429	0.419444444444444	16.75	0.9482	282.5	281.6	0.007472	-0.9239	0.9266	1.91	0.5539	-8.111	11.517	19.65	NA	6	26	1993	2018
Oeneis polixenes	119.657	NA	NA	NA	NA	1.884	0.1398	29.39	29.25	0.3492	-1.133	1.858	2.991	-5.354	-27.45	23.51	50.95	NA	1	17	1999	2018
Oeneis taygete	2.15	NA	NA	NA	NA	8222	0.0002761	321767180942	321767180942	-3.497	-11.69	4.602	16.3	11.38	-21.72	61.15	82.88	NA	1	12	1993	2007
Oeneis uhleri	1.035	0.951515151515151	0	-0.939393939393939	0	33.43	5.711	206.6	201.1	-0.3552	-0.974	0.2736	1.384	4.7167	-5.457	16.33	21.86	NA	10	26	1993	2018
Oligoria maculata	2.213	0.752494873547505	0	-0.353793574846206	0.00777072396054626	1.334	0.4981	3.531	3.018	0.2901	-0.18658	0.7531	0.921	2.189	-7.034	12.478	18.834	NA	67	26	1993	2018
Panoquina errans	118.58	NA	NA	NA	NA	1.104	0.05431	23.19	23.13	0.0004014	-1.593	1.591	3.185	-6.381	-25.64	17.85	43.5	NA	1	15	1993	2007
Panoquina fusina	119.098	NA	NA	NA	NA	1.113	0.0677	18.74	18.68	0.1148	-0.6966	0.9317	1.628	-0.5993	-22.99	28.27	51.26	NA	1	17	1995	2016
Panoquina lucas	95.511	NA	NA	NA	NA	0.01271	1.283e-05	13.81	13.81	1.27	-0.7544	3.279	4.034	-22.49	-41.36	3.89	45.25	NA	1	17	1995	2016
Panoquina ocola	1.357	0.178104913953971	0.069171904704421	0.125181422351234	0.202901612830691	2.297	0.9625	5.484	4.522	0.30032	-0.10034	0.7018	0.834	2.147	-4.885	9.828	14.119	NA	126	26	1993	2018
Panoquina panoquin	0.829	0.902173913043478	3.26744446086329e-06	-0.75	5.88991946395201e-05	7.53	1.374	36.75	35.56	0.05438	-0.63196	0.7883	1.4105	-0.1785	-6.694	8.605	15.651	NA	25	26	1993	2018
Panoquina panoquinoides	1.471	0.8	0.000546145961313039	-0.0321428571428571	0.913240263248664	2.012	0.3284	13.12	12.8	0.0385	-0.6622	0.731	1.39	-1.8892	-11.22	6.78	20.52	NA	18	26	1993	2018
Panthiades bathildis	44.317	NA	NA	NA	NA	0.05251	0	Inf	Inf	-0.4737	-19643	19646	39289	-23.86	-100	Inf	Inf	NA	1	17	1995	2016
Papilio anchisiades	503.667	NA	NA	NA	NA	0.3483	0	Inf	Inf	-0.3072	-14718	14692	29410	-4.131	-100	Inf	Inf	NA	1	17	1995	2016
Papilio andraemon	116.936	-1	1	1	1	18.51	0.0001729	1955636	1955636	-1.963	-7.552	3.618	11.17	-67.74	-94.5	90.85	185.3	NA	2	17	2000	2017
Papilio aristodemus	3.049	1	1	-1	1	4.216	0.04877	308.9	308.8	0.2596	-1.483	2.074	3.557	-1.452	-10.922	9.042	19.96	NA	2	17	2000	2017
Papilio astyalus	20.171	NA	NA	NA	NA	0.1001	0	Inf	Inf	-1.017	-38713	38748	77462	-12.22	-100	Inf	Inf	NA	1	16	1993	2010
Papilio canadensis	1.368	0.874028137726768	0	0.0191904233000123	0.871757603034805	1.91	0.9269	3.705	2.751	0.3911	0.02866	0.6836	0.678	-1.59783	-6.4537	4.511	10.891	NA	83	26	1993	2018
Papilio cresphontes	2.774	0.11441277975107	0.0919572080334658	0.268285930887738	6.39380821889615e-05	0.9928	0.4878	1.933	1.4583	0.436	0.16239	0.7057	0.5418	0.2338	-3.611	4.476	8.176	NA	252	26	1993	2018
Papilio eurymedon	2.014	0.793154486586494	0	-0.130188097440641	0.387273598889296	1.827	0.7963	4.068	3.341	0.6589	0.3182	0.9942	0.7058	0.5378	-2.3659	3.694	5.83	NA	55	26	1993	2018
Papilio glaucus	1.594	0.880842153577505	0	0.430827659273421	0	1.5422	0.6713	3.498	2.873	0.6644	0.3592	0.9722	0.6186	-0.15689	-4.035	4.1	8.144	NA	366	26	1993	2018
Papilio indra	3.764	0.946428571428571	0	-0.710714285714286	0.00405507360027464	0.7808	0.2191	2.869	2.653	0.1322	-0.3072	0.543	0.8394	-3.421	-9.739	6.358	15.778	NA	17	26	1993	2018
Papilio joanae	117.661	NA	NA	NA	NA	0.3157	0	Inf	Inf	-0.3792	-26440	26418	52857	-5.857	-100	Inf	Inf	NA	1	18	1997	2018
Papilio machaon	4.496	0.816666666666667	0.0107694003527337	-0.383333333333333	0.3125	2.029	0.4581	9.037	8.558	0.07589	-0.6512	0.7187	1.37	1.937	-6.386	11.861	17.28	NA	9	26	1993	2018
Papilio multicaudata	3.001	0.436933797909408	0.00462115490712617	-0.527003484320558	0.000483853027720207	1.505	0.7012	3.061	2.348	0.4584	0.07399	0.8348	0.737	-0.54219	-4.682	3.5115	7.72	NA	46	26	1993	2018
Papilio ornythion	123.055	NA	NA	NA	NA	0.7211	0.003612	141.4	141.4	0.2289	-1.169	1.629	2.798	-0.9728	-19.06	21.08	40.14	NA	1	17	1995	2016
Papilio palamedes	1.848	0.558325219084713	1.54795859115844e-07	-0.232594936708861	0.0393537019252319	1.344	0.7197	2.388	1.7	0.6692	0.20701	1.1453	0.924	-0.4995	-5.509	4.987	10.202	NA	96	26	1993	2018
Papilio polyxenes	1.822	0.722738932847749	0	-0.0557234819768326	0.306868276827177	0.9661	0.6963	1.328	0.636	0.5736	0.3008	0.8392	0.5498	-0.9141	-4.556	3.007	7.622	NA	410	26	1993	2018
Papilio rutulus	2.51	0.468557758031442	0.000316335264559494	-0.022282980177717	0.870279601387822	2.549	1.3904	4.488	3.031	0.5707	0.29609	0.8828	0.6568	0.06975	-3.13107	3.1302	6.179	NA	66	26	1993	2018
Papilio troilus	1.87	0.597126686227191	0	0.148476536050973	0.0214715905117973	1.679	0.9096	2.922	2.039	0.5457	0.2385	0.8588	0.6377	0.7458	-3.203	4.9528	8.193	NA	298	26	1993	2018
Papilio zelicaon	2.919	0.876014405762305	0	0.132484993997599	0.357951320139923	1.435	0.6565	2.843	2.193	0.27085	-0.08734	0.6452	0.7461	-0.6974	-6.43005	5.382	10.594	NA	57	26	1993	2018
Paramacera allyni	143.36	1	1	1	1	5.192	0.1153	194.8	194.7	-0.3721	-1.426	0.7561	2.182	-3.779	-9.567	2.671	12.24	NA	2	26	1993	2018
Paratrytone snowi	6.045	0.880952380952381	0.00724206349206349	-0.238095238095238	0.582142857142857	1.258	0.2371	6.164	5.921	0.2088	-0.2572	0.7012	0.9551	-1.0874	-5.738	4.023	10.735	NA	8	26	1993	2018
Parnassius clodius	1.703	0.826625386996904	1.62999840325387e-05	-0.12280701754386	0.626636233574355	1.995	0.5832	6.79	6.194	0.5604	0.03803	1.0328	1.0058	-0.8488	-7.322	5.6876	13.52	NA	19	26	1993	2018
Parnassius phoebus	1.009	0.871428571428571	0	-0.139285714285714	0.620550663675233	1.403	0.2973	6.533	6.235	0.4205	-0.4437	1.303	1.7652	-2.432	-12.433	6.853	19.9	NA	16	26	1993	2018
Parrhasius m-album	2.179	0.790735073507351	0	-0.925112511251125	0	1.837	0.6793	4.62	3.907	-0.13079	-0.3988	0.13	0.5259	-1.1874	-5.554	4.343	9.467	NA	118	26	1993	2018
Pellicia arina	111.317	NA	NA	NA	NA	2.96	0.2502	40.27	40.02	0.1558	-0.5924	0.8715	1.464	16.18	-4.241	40.41	44.65	NA	1	17	1995	2016
Phaeostrymon alcestis	0.9	0.990909090909091	0	-0.763636363636364	0.00921598665454992	0.9406	0.04529	20.84	20.8	0.8004	-0.2963	1.786	2.163	8.703	-3.684	22.28	26.53	NA	11	26	1993	2018
Philotes sonorensis	147.269	NA	NA	NA	NA	2.188	0.007255	656.6	656.5	-0.2458	-2.977	2.483	5.459	3.483	-14.95	25.88	40.83	NA	1	11	1997	2007
Phocides pigmalion	2.544	0.973626373626374	0	-0.0197802197802198	0.951676825142244	1.746	0.618	5.008	4.4	0.3222	-0.12556	0.7661	0.9569	0.7518	-5.689	6.74	12.996	NA	18	26	1993	2018
Phocides polybius	105.488	1	1	-1	1	1.878	0.02512	139.9	139.9	-0.1597	-1.29	0.9661	2.256	0.4365	-18.27	23.5	41.78	NA	2	22	1993	2016
Phoebis agarithe	1.226	0.694612823358661	4.47245964299198e-08	0.456415948091864	0.00076238441797517	2.353	0.6877	6.794	5.966	0.09061	-0.5239	0.6689	1.1551	-0.317	-6.01	5.704	11.749	NA	62	26	1993	2018
Phoebis neleis	14.61	1	0.333333333333333	-0.5	1	6.976	0.2328	65.98	65.74	-0.2565	-0.9803	0.7805	1.746	-2.8321	-19.22	15.2288	32.64	NA	4	26	1993	2018
Phoebis philea	3.509	0.414097496706192	0.00500022651391345	0.272595520421607	0.0702899264004758	1.882	0.8207	4.013	3.038	0.198547	-0.3139	0.6336	0.9657	-0.6229	-9.4424	8.655	15.634	NA	56	26	1993	2018
Phoebis sennae	1.384	0.0208078102984821	0.753959061920857	-0.00918729327590859	0.889945804827748	2.7478	0.8113	8.705	7.805	0.52697	0.06388	0.9695	0.8947	2.50101	-5.262	10.634	14.573	NA	265	26	1993	2018
Phoebis statira	2.381	0.942857142857143	0	0.103571428571429	0.714423627861307	3.148	0.746	13.07	12.34	0.3767	-0.28312	0.9328	1.214	8.153	-7.625	21.531	30.5	NA	18	26	1993	2018
Pholisora catullus	1.503	0.370395646332678	8.28628741456022e-09	-0.393033353453144	8.23783482834264e-10	1.891	0.7962	4.54	3.729	0.1516	-0.10608	0.3853	0.4913	-0.6866	-5.2575	4.415	9.556	NA	261	26	1993	2018
Phyciodes batesii	2.791	0.918590655432761	0	-0.219389429915746	0.185090102029603	0.6001	0.2388	1.458	1.23	0.3298	0.014517	0.6768	0.6721	-3.8571	-9.894	3.3312	12.71	NA	41	26	1993	2018
Phyciodes campestris	1.294	0.869230769230769	0	-0.044331983805668	0.788196448136045	1.669	0.6629	3.938	3.298	0.6927	0.23935	1.161	0.961	0.03667	-4.583	4.925	9.264	NA	46	26	1993	2018
Phyciodes frisia	1.001	0.933333333333333	0.000749559082892416	0.283333333333333	0.462990520282187	20.98	0.01831	15592	15592	-0.2572	-2.777	2.315	5.175	11.326	-7.821	38.28	44.04	NA	10	26	1993	2018
Phyciodes mylitta	1.441	0.414376321353066	0.00550310260893444	-0.447921071176885	0.00252204759482811	6.397	3.006	13.56	10.86	0.15013	-0.2861	0.5439	0.7944	0.9468	-2.1247	4.248	6.974	NA	51	26	1993	2018
Phyciodes orseis	20.671	1	0.0833333333333333	-0.4	0.75	0.4168	0.0004227	469.9	469.9	0.8534	-0.9201	2.641	3.51	18.639	-9.598	68.65	76.05	NA	4	26	1993	2018
Phyciodes pallida	4.805	0.890909090909091	0.000428361205563253	0.445454545454545	0.172786506584626	0.1946	0.03847	0.9451	0.9109	1.0412	0.12913	1.937	1.904	-3.45	-11.415	9.938	20.12	NA	12	26	1993	2018
Phyciodes phaon	0.846	0.898685868586859	0	-0.458841884188419	2.08353647632838e-06	2.485	1.1429	5.166	4.027	0.7063	0.2722	1.0963	0.8315	3.4325	-5.121	13.301	18.67	NA	121	26	1993	2018
Phyciodes picta	1.523	0.904761904761905	0.00456349206349206	0.238095238095238	0.582142857142857	0.1886	0.009853	2.967	2.958	0.8278	0.12647	1.577	1.469	-2.093	-9.277	5.9324	13.723	NA	8	26	1993	2018
Phyciodes selenis	1.331	0.688103000864995	0	-0.27149178255373	0.00373123574186953	3.131	1.1503	7.477	6.507	0.41347	-0.10133	0.924	1.0515	-2.4267	-7.442	2.7067	10.202	NA	124	26	1993	2018
Phyciodes texana	1.055	0.522267206477733	0.000909598156742646	-0.45989714410767	0.00401293209069726	1.718	0.516	5.562	5.062	0.32904	-0.183471	0.8271	1.0437	-0.8032	-6.013	5.015	10.855	NA	41	26	1993	2018
Phyciodes tharos	1.113	0.712235055366322	0	0.00874924767131185	0.87111596015275	4.268	1.8002	10.108	8.358	0.64528	0.3034	0.9874	0.6982	-0.2192	-6.028	6.003	11.66	NA	416	26	1993	2018
Phyciodes tulcis	1.821	1	0.333333333333333	-1	0.333333333333333	0.9431	0.02087	51.11	51.09	0.6952	-0.3769	2.059	2.395	4.0872	-13.928	20.98	30.92	NA	3	26	1993	2018
Phyciodes vesta	1.831	0.956043956043956	0	-0.82967032967033	0.000777927115444265	0.2621	0.0499	1.303	1.249	0.8525	0.3023	1.358	1.0684	-3.858	-10.968	4.3608	15.482	NA	14	26	1993	2018
Pieris napi	1.413	0.453607262302914	8.00691645195816e-06	-0.118028348463131	0.264645990800566	1.265	0.604	2.528	1.936	0.3703	-0.07693	0.7927	0.8525	-1.87363	-6.044	3.18	9.05	NA	102	26	1993	2018
Pieris rapae	1.453	0.672100441797112	0	-0.285018984572388	6.88482760258991e-08	4.1224	1.2808	14.005	12.554	0.708	0.30176	1.1108	0.8021	-0.7883	-5.9197	4.388	10.037	NA	414	26	1993	2018
Pieris virginiensis	2.881	NA	NA	NA	NA	0.00141	5.231e-16	837159310	837159310	2.141	-4.651	9.31	13.96	-16.41	-29.27	-0.7602	28.51	NA	1	24	1995	2018
Piruna cingo	0.791	1	0.333333333333333	-1	0.333333333333333	93.55	0.1602	53222	53221	0.1412	-1.386	1.67	3.056	17.276	4.8024	30.69	25.51	NA	3	26	1993	2018
Piruna pirus	1.816	0.678571428571428	0.10952380952381	-0.428571428571428	0.353571428571429	0.3774	0.122	1.203	1.088	0.88	0.3916	1.399	1.0294	-5.392	-10.837	0.1686	10.758	NA	9	26	1993	2018
Piruna polingi	1.537	-1	1	1	1	1.466	0.03097	69.5	69.47	0.6123	-0.5173	1.737	2.254	-2.448	-8.613	4.097	12.71	NA	2	26	1993	2018
Plebejus acmon	1.399	0.950555261766261	0	-0.22258064516129	0.0847477697889785	1.2543	0.44093	3.555	3.183	0.5817	0.21877	0.8878	0.6799	-1.51134	-5.9625	3.7402	9.325	NA	70	26	1993	2018
Plebejus icarioides	1.284	0.668989547038328	3.39972926996691e-06	-0.136933797909408	0.391929211172019	3.719	1.202	10.286	9.084	0.597	0.10081	1.0576	0.9673	0.2667	-7.884	7.78	15.219	NA	43	26	1993	2018
Plebejus lupini	1.37	0.875438596491228	0	-0.7	0.00118135857257756	2.72	0.9693	7.56	6.565	0.2995	-0.07529	0.699	0.8106	-0.739	-7.372	6.3723	12.436	NA	21	26	1993	2018
Plebejus neurona	38.01	-1	1	1	1	4.957	0.02618	1131	1131	-0.535	-2.121	0.9817	3.103	-7.798	-18.02	5.141	23.16	NA	3	22	1997	2018
Plebejus saepiolus	1.48	0.823167420814479	0	-0.0294117647058823	0.837327247148139	2.422	1.0066	5.541	4.532	0.3606	-0.231313	1.0187	1.1731	-1.58541	-8.62	5.919	14.321	NA	53	26	1993	2018
Plebejus shasta	1.046	1	0.00277777777777778	-0.828571428571429	0.0583333333333333	53.98	2.259	1165	1163	-0.7181	-1.9829	0.7184	2.375	0.8545	-12.058	14.914	25.89	NA	6	26	1993	2018
Poanes aaroni	0.819	0.690570299265951	0.000529668324961935	-0.567476002258611	0.00672828670446204	4	0.4275	38.46	38.02	0.08374	-0.88191	0.9413	1.784	2.814	-6.464	16.186	23.538	NA	25	26	1993	2018
Poanes hobomok	1.781	0.430243643521906	9.26591847655768e-09	-0.242473744421656	0.00163752894510995	1.431	0.8564	2.308	1.45	0.21752	-0.13385	0.5612	0.6902	-1.4449	-5.152	2.515	7.624	NA	197	26	1993	2018
Poanes massasoit	1.415	0.834289769221276	0	-0.529927187461434	2.09777537290432e-06	1.307	0.6906	2.435	1.761	0.5335	0.16239	0.8753	0.7247	0.08665	-3.039	3.409	6.421	NA	88	26	1993	2018
Poanes melane	2.301	0.887218045112782	0	0.494736842105263	0.0281231558886877	1.787	0.7398	4.11	3.359	0.3855	-0.19002	0.923	1.0593	1.3281	-2.4108	5.67	7.787	NA	26	26	1993	2018
Poanes taxiles	1.215	0.395604395604396	0.182195776349148	-0.0824175824175824	0.792485539146814	7.809	2.482	25.87	23.42	0.1688	-0.2842	0.5827	0.8608	1.47	-4.894	8.167	12.738	NA	15	26	1993	2018
Poanes viator	1.111	0.376270653029111	1.91231761035535e-05	-0.282335169158143	0.0015462015887243	3.08	1.504	6.178	4.654	0.18458	-0.3209	0.6517	0.9587	0.3963	-6.166	7.96	14.026	NA	146	26	1993	2018
Poanes yehl	2.707	0.963025210084034	0	-0.317035905271199	0.0681489763942025	2.251	0.6717	7.458	6.787	0.004891	-0.4674	0.4482	0.9068	0.1368	-6.177	8.464	15.233	NA	36	26	1993	2018
Poanes zabulon	1.521	0.701928662716394	0	0.0567629631148381	0.486878223705093	2.276	1.184	4.209	3.071	0.3452	-0.06605	0.7178	0.7815	3.834	-2.901	11.05	13.663	NA	178	26	1993	2018
Poladryas arachne	1.402	0.892857142857143	0.0123015873015873	-0.821428571428571	0.0341269841269841	3.625	0.6153	26.47	25.85	-0.1452	-0.7922	0.4379	1.133	-5.02	-11.199	2.849	13.487	NA	7	26	1993	2018
Polites baracoa	2.314	0.938235294117647	0	-0.644117647058823	0.00858955766612792	4.943	0.7343	32.83	32.1	-0.0661727	-0.8574	0.6189	1.468	8.382	-8.239	30.703	38.326	NA	21	26	1993	2018
Polites carus	7.048	0.485714285714286	0.355555555555556	-0.771428571428571	0.102777777777778	1.466	0.04247	82.28	82.24	-0.2964	-1.314	0.6356	1.944	-7.437	-13.77	0.1553	13.437	NA	6	26	1993	2018
Polites draco	1.956	0.7	0.0432539682539683	-0.933333333333333	0.000749559082892416	1.067	0.1554	7.53	7.378	0.3764	-0.3681	1.134	1.619	-0.1128	-6.801	7.356	15.216	NA	9	26	1993	2018
Polites mystic	1.689	0.579076542643177	0	-0.0277710939264151	0.737303366436249	1.708	0.6431	4.033	3.385	0.29769	-0.08839	0.6471	0.7628	-0.4563	-5.3645	4.807	9.77	NA	177	26	1993	2018
Polites origenes	2.12	0.678520984524522	0	0.0453761613572732	0.517935282582184	0.9314	0.6009	1.43	0.8265	0.3689	0.11422	0.6071	0.5009	-1.4755	-6.572	4.235	10.558	NA	243	26	1993	2018
Polites peckius	1.423	0.790599179615198	0	0.291888698639271	2.05272797047861e-05	1.79	0.9203	3.248	2.348	0.315	-0.06779	0.7453	0.8013	0.7766	-4.486	7.0282	11.043	NA	251	26	1993	2018
Polites sabuleti	1.001	0.878195488721805	0	-0.487218045112782	0.0308957411770012	0.5715	0.1277	2.5	2.38	0.8444	0.14211	1.42	1.1839	1.2223	-5.623	9.576	15.407	NA	24	26	1993	2018
Polites sonora	1.267	0.898901098901099	0	-0.221978021978022	0.444831815480673	0.8389	0.1901	3.689	3.499	0.6722	-0.04498	1.238	1.1832	-3.43	-8.298	2.3068	10.6	NA	15	26	1993	2018
Polites themistocles	1.971	0.43987050755027	0	-0.181068597821748	0.00217981033969274	1.434	0.8017	2.46	1.65	0.3453	0.07907	0.6078	0.5317	0.1154	-3.724	4.49	8.373	NA	335	26	1993	2018
Polites vibex	1.98	0.374642338793282	9.25582801719709e-05	-0.427047480821066	6.8502982784177e-06	1.545	0.8192	2.826	1.985	0.4344	0.06876	0.7824	0.7037	-0.5123	-4.378	3.586	7.977	NA	124	26	1993	2018
Polygonia comma	2.228	0.518541140419893	0	0.47322551976989	0	1.0038	0.5068	2.01	1.4868	0.4707	0.2096	0.7227	0.5065	0.3102	-3.482	4.43	7.715	NA	296	26	1993	2018
Polygonia faunus	2.609	0.699403322044831	2.28594266248932e-08	0.108047089179165	0.440126055614237	1.582	0.6981	3.489	2.794	0.06245	-0.25472	0.3925	0.6615	0.38726	-3.646	4.609	8.157	NA	54	26	1993	2018
Polygonia gracilis	2.186	0.920454545454545	0	-0.374331550802139	0.0325789660773229	0.7185	0.332	1.551	1.235	0.4402	0.03597	0.8872	0.7974	-2.369	-5.584	1.5585	7.278	NA	35	26	1993	2018
Polygonia interrogationis	1.567	0.778453918457296	0	-0.463960410614319	0	0.7095	0.3597	1.388	1.0368	0.543	0.26364	0.8283	0.5825	-1.6997	-4.184	0.9028	5.017	NA	388	26	1993	2018
Polygonia oreas	7.681	1	0.000396825396825397	-0.892857142857143	0.0123015873015873	0.1535	0.008925	2.769	2.76	0.9311	0.005146	1.826	1.83	0.5461	-6.58	8.176	15.38	NA	7	26	1993	2018
Polygonia progne	2.677	0.804286712356112	0	-0.0231219642025418	0.807669191315187	1.349	0.7048	2.503	1.776	0.2595	-0.02786	0.5296	0.5458	1.58	-0.5264	3.926	4.334	NA	126	26	1993	2018
Polygonia satyrus	3.245	0.965559901029611	0	-0.454186287812276	0.000133715432238269	0.8206	0.4215	1.575	1.164	0.3411	0.0809	0.5826	0.5052	-1.5703	-4.156	1.4122	5.433	NA	74	26	1993	2018
Polygonus leo	1.297	0.983516483516483	0	0.362637362637363	0.223986534640913	0.8312	0.08295	8.587	8.535	0.3997	-0.2921	1.191	1.608	-0.9528	-9.908	10.4027	18.62	NA	17	26	1993	2018
Pompeius verna	1.606	0.864393487917915	0	0.102261443743855	0.115573643149713	1.633	1.0696	2.428	1.368	0.35954	0.01777	0.702	0.6774	1.0088	-4.662	7.307	11.635	NA	288	26	1993	2018
Pontia beckerii	1.33	0.87965811965812	1.76713432341318e-06	-0.434529914529915	0.0275641881923998	2.351	0.8033	6.799	6.014	0.32834	-0.19186	0.8699	1.0502	-0.25908	-5.263	5.755	11.001	NA	26	26	1993	2018
Pontia occidentalis	1.121	0.777243293246993	0	-0.173974714770274	0.246690141994242	3.322	1.0641	9.698	8.644	0.2301	-0.18454	0.6396	0.8366	-0.2053	-8.9487	7.244	16.454	NA	47	26	1993	2018
Pontia protodice	0.86	-0.134886824685031	0.0437872398418925	-0.184480034166133	0.00567697312692654	2.768	1.0785	6.48	5.313	0.19798	-0.27891	0.6644	0.9187	-1.09613	-8.525	6.779	15.017	NA	254	26	1993	2018
Pontia sisymbrii	2.22	0.898901098901099	0	-0.30989010989011	0.280560336708067	1.165	0.10418	13.76	13.66	0.1724	-0.5527	0.8555	1.405	-0.0119	-12.096	12.007	22.36	NA	14	26	1993	2018
Problema bulenta	0.889	0.857142857142857	0.0238095238095238	-0.535714285714286	0.235714285714286	9.94	0.4349	150.5	150.1	-0.1092962	-1.0103	0.8034	1.732	-0.28577	-9.557	10.019	18.27	NA	8	26	1993	2018
Problema byssus	1.324	0.853234910985671	0	0.042336083369518	0.774539916379947	1.82	0.524	6.383	5.85	0.22375	-0.3317	0.7583	1.0778	1.935	-5.7481	9.886	15.55	NA	50	26	1993	2018
Proteides mercurius	4.324	NA	NA	NA	NA	0.1614	0	Inf	Inf	-0.3438	-18136	18124	36260	-50.03	-100	Inf	Inf	NA	1	17	1995	2016
Pseudocopaeodes eunus	119.894	NA	NA	NA	NA	1.506	0.1154	21.54	21.42	0.1759	-0.6365	0.9831	1.62	2.192	-27.54	44.17	71.71	NA	1	16	2001	2016
Pyrgus albescens	1.466	0.806086956521739	3.6183099516638e-06	-0.334782608695652	0.11013547354495	0.7778	0.176	3.417	3.259	0.8028	0.290228	1.282	1.0222	1.011	-6.227	9.761	15.414	NA	26	26	1993	2018
Pyrgus centaureae	121.593	1	1	-1	1	0.9026	0	Inf	Inf	-0.6385	-4412	4407	8820	-8.208	-100	Inf	Inf	NA	2	22	1993	2018
Pyrgus communis	1.595	0.704779769751266	0	-0.0752240664465803	0.228378868959476	1.7986	0.6212	4.944	4.175	0.382	0.04785	0.6846	0.6355	1.1565	-4.576	7.355	11.53	NA	293	26	1993	2018
Pyrgus oileus	1.275	0.621142015878858	2.19943308752059e-09	-0.154345654345654	0.179795054806296	2.026	1.112	3.629	2.527	0.5507	0.19834	0.8803	0.7036	0.2271	-6.888	7.48	14.22	NA	95	26	1993	2018
Pyrgus philetas	1.147	0.985714285714286	0	-0.367857142857143	0.177894090353816	0.3984	0.05171	3.242	3.189	0.5444	-0.16083	1.317	1.426	-1.813	-8.208	7.1666	15.758	NA	15	26	1993	2018
Pyrgus ruralis	3.159	0.904411764705882	0	-0.821078431372549	6.00437986544252e-05	1.19	0.2624	5.063	4.792	0.2231	-0.36299	0.7721	1.1421	0.26407	-5.31	7.358	12.741	NA	17	26	1993	2018
Pyrgus scriptura	2.554	0.860714285714286	0	-0.489285714285714	0.0665923053091992	4.4	0.5126	25.01	24.34	-0.03621	-0.6226	0.6303	1.299	3.827	-4.724	15.1862	19.354	NA	16	26	1993	2018
Pyrgus xanthus	26.259	NA	NA	NA	NA	327.2	1.552e-08	672250008580	672250008580	-3.096	-14.47	9.328	23.8	-8.799	-21.04	4.583	25.62	NA	1	18	1993	2010
Pyrrhopyge araxes	0.537	0.9	0.0833333333333333	0.4	0.516666666666667	0.003462	7.51e-06	1.354	1.354	2.497	0.8616	4.009	3.087	-0.5801	-10.662	6.904	16.88	NA	5	26	1993	2018
Quasimellana eulogius	1.027	1	1	-1	1	2.552	0.007889	814.2	814.2	0.8641	-0.7131	2.436	3.149	16.63	-8.561	49.74	58.3	NA	2	22	1993	2016
Rekoa marius	125.245	NA	NA	NA	NA	918997756585	5.271e-17	1.59517103753e+40	1.59517103753e+40	-7.572	-26.88	11.7	38.57	-15.57	-65.14	103.9	169	NA	1	17	1995	2016
Rhinthon osca	12.401	NA	NA	NA	NA	0.2795	0	Inf	Inf	-0.2765	-17611	17582	35193	-53.74	-100	Inf	Inf	NA	1	17	1995	2016
Satyrium acadica	1.502	0.221703321297484	0.0328954774915357	-0.302587210169795	0.00331653475208445	1.0284	0.5147	2.044	1.53	0.418	0.025	0.7815	0.7372	-1.0885	-6.6814	4.582	10.834	NA	104	26	1993	2018
Satyrium auretorum	1.099	0.918181818181818	0	-0.881818181818182	0.000668290061888925	3.598	0.3477	37.41	37.06	-0.13668	-0.9901	0.667	1.717	-4.0473	-13.208	5.739	19.47	NA	14	26	1993	2018
Satyrium behrii	0.988	0.545614035087719	0.0172007765021431	0.480701754385965	0.0389093373537536	0.2598	0.05494	1.174	1.118	1.1028	0.42825	1.757	1.2964	-1.8409	-8.029	4.2455	11.84	NA	20	26	1993	2018
Satyrium calanus	1.152	0.707220096583513	0	0.104013794424753	0.123948573615563	1.74	1.106	2.713	1.594	0.38241	0.04705	0.713	0.675	0.5061	-4.707	6.059	10.176	NA	268	26	1993	2018
Satyrium californica	1.42	0.617692307692308	0.00126901203852019	-0.511538461538461	0.00980673857643781	3.191	1.0755	8.286	7.227	-0.01824	-0.4931	0.5089	0.9182	-3.461	-8.048	1.6953	9.755	NA	28	26	1993	2018
Satyrium caryaevorum	1.447	0.748692402078586	0	-0.260846701460552	0.00825651358987313	3.298	1.61	6.622	5.024	0.026004	-0.2029	0.2504	0.4472	2.332	-1.4022	6.394	7.398	NA	120	26	1993	2018
Satyrium edwardsii	1.168	0.793472350434376	0	0.0393151152644823	0.732034460626337	6.228	2.528	14.62	12.18	0.03177	-0.4872	0.4827	0.985	1.646	-6.017	8.755	15.758	NA	91	26	1993	2018
Satyrium favonius	1.355	0.996953590873736	0	-0.579077002851958	3.71709459378121e-06	1.877	0.4893	6.676	6.201	0.054865	-0.4348	0.4963	0.8938	0.9331	-6.355	9.945	16.13	NA	66	26	1993	2018
Satyrium fuliginosa	1.08	0.880952380952381	0.00724206349206349	-0.380952380952381	0.359871031746032	1.169	0.1132	12.88	12.77	0.4177	-0.51854	1.268	1.741	0.612163	-7.831	10.821	18.15	NA	8	26	1993	2018
Satyrium kingi	48.138	0.933333333333333	0.000749559082892416	-0.233333333333333	0.551708553791887	11.25	1.694	59.86	57.73	-0.4913	-1.192	0.2751	1.516	3.898	-5.0569	18.285	22.499	NA	9	26	1993	2018
Satyrium liparops	2.782	0.905651408994105	0	-0.0949329711822381	0.204718058940418	0.9251	0.5812	1.438	0.8634	0.2574	0.056324	0.4485	0.3995	-0.9076	-4.647	3.07	7.52	NA	215	26	1993	2018
Satyrium saepium	1.189	0.318681318681319	0.105454970576651	-0.0567765567765568	0.778114738789995	1.309	0.4186	4.088	3.669	0.5138	0.08425	0.9082	0.8272	-0.7962	-9.61	7.919	18.984	NA	32	26	1993	2018
Satyrium sylvinus	1.689	0.724053724053724	3.23037204264898e-05	-0.152014652014652	0.447390387137482	1.797	0.4871	6.703	6.264	0.057488	-0.5143	0.5584	1.0562	-4.474	-9.232	2.0569	11.884	NA	32	26	1993	2018
Satyrium tetra	0.886	0.736363636363636	0.0133753659145312	-0.0636363636363636	0.860103507719015	1.378	0.1606	10.81	10.66	0.6211	-0.041313	1.367	1.441	4.342	-8.302	17.834	22.21	NA	14	26	1993	2018
Satyrium titus	1.951	0.798478413054193	0	0.327874204596467	2.92068352614248e-06	1.398	0.7953	2.345	1.547	0.3097	0.001307	0.6032	0.6351	-0.80756	-4.706	3.418	7.895	NA	232	26	1993	2018
Satyrodes appalachia	1.975	0.72540148024019	0	0.205569383178491	0.0106497608995423	2.113	1.2529	3.486	2.216	0.3397	0.05382	0.6063	0.5486	1.44202	-3.2626	6.4266	9.445	NA	187	26	1993	2018
Satyrodes eurydice	1.489	0.787287441365384	0	-0.258941941947165	0.00279287063628408	2.296	1.356	3.727	2.394	0.39209	-0.02162	0.7683	0.7944	-1.558	-6.4422	3.715	10.166	NA	156	26	1993	2018
Siproeta stelenes	1.997	-0.0357142857142857	0.963492063492064	0.0357142857142857	0.963492063492064	0.2507	0.01988	3.097	3.078	0.8415	0.11464	1.513	1.352	-1.4327	-10.614	8.79	18.42	NA	10	26	1993	2018
Spathilepia clonius	18.919	NA	NA	NA	NA	0.04404	0	Inf	Inf	-0.327	-9086	9081	18167	-25.89	-100	Inf	Inf	NA	1	17	1995	2016
Speyeria adiaste	1.419	NA	NA	NA	NA	35.91	0.04329	31234	31234	-0.4977	-2.823	1.802	4.626	-5.172	-14.03	4.555	18.59	NA	1	20	1998	2018
Speyeria aphrodite	1.392	0.41955851467894	3.56589949491413e-07	-0.00306090531301667	0.97145556298738	1.3906	0.4464	3.727	3.236	0.3631	-0.09779	0.8051	0.8783	-1.971	-7.4559	4.28	11.669	NA	159	26	1993	2018
Speyeria atlantis	1.205	0.708854913202739	0	-0.0925943621595795	0.382011729049906	3.409	1.785	6.289	4.509	0.2224	-0.08083	0.5097	0.5834	-1.63006	-8.845	5.445	13.569	NA	102	26	1993	2018
Speyeria callippe	1.334	0.931010452961673	0	0.295121951219512	0.0614010947885629	1.1002	0.3684	3.19	2.827	0.56	0.03677	0.9666	0.9274	-1.1082	-6.759	5.48	12.224	NA	47	26	1993	2018
Speyeria coronis	1.287	0.477606837606838	0.0145270161810444	-0.0413675213675214	0.8410934067996	0.8774	0.2973	2.501	2.204	0.4579	-0.023803	0.919	0.9071	-3.781	-8.37	1.5019	10.25	NA	32	26	1993	2018
Speyeria cybele	1.792	0.562133486271417	0	-0.101648522338177	0.101947792155973	3.271	1.2798	8.357	7.092	0.5791	0.22117	0.9445	0.7424	-0.506	-5.434	4.778	9.932	NA	310	26	1993	2018
Speyeria diana	1.793	0.315217391304348	0.142865731693525	-0.466403162055336	0.026102823763628	1.058	0.3239	3.394	3.073	0.2935	-0.2565	0.7932	1.0454	-1.9742	-8.335	6.715	14.6	NA	25	26	1993	2018
Speyeria edwardsii	1.605	0.927272727272727	0.000130162394465275	-0.818181818181818	0.0068111327718268	0.8064	0.1782	3.603	3.418	0.5645	-0.02949	1.144	1.2295	0.7346	-5.297	6.761	11.972	NA	11	26	1993	2018
Speyeria egleis	0.928	0.961538461538462	0	-0.901098901098901	0	3.345	0.4918	23.63	23.12	0.5425	-0.16668	1.208	1.386	3.5932	-5.513	13.914	19.11	NA	14	26	1993	2018
Speyeria hydaspe	1.486	0.782456140350877	0.000110542953450486	-0.345614035087719	0.147477852888651	3.212	0.9493	10.99	10.064	0.3279	-0.184612	0.8131	1.0017	0.46816	-6.276	8.707	15.286	NA	20	26	1993	2018
Speyeria idalia	1.253	0.87746371275783	3.28455148827388e-08	-0.455156608097785	0.00734986228473951	6.039	1.605	21.13	19.51	0.27905	-0.6807	1.2199	1.798	9.469	-4.554	23.1923	26.91	NA	36	26	1993	2018
Speyeria mormonia	1.148	0.946666666666667	7.54497098633814e-07	-0.409230769230769	0.038895060092205	7.255	1.4057	36.04	34.59	-0.13124	-0.8433	0.6217	1.503	-0.4718	-6.737	7.193	14.01	NA	26	26	1993	2018
Speyeria nokomis	512.034	NA	NA	NA	NA	1.509e-08	0	Inf	Inf	-8.812	-92176	92127	184304	-76.8	-100	Inf	Inf	NA	1	13	2001	2016
Speyeria zerene	1.389	0.93984962406015	5.59971221262217e-06	-0.0736842105263158	0.757611736011335	0.9674	0.2771	3.384	3.108	0.7592	0.25142	1.228	0.9891	1.04156	-3.634	5.575	9.907	NA	20	26	1993	2018
Staphylus ceos	1.361	0.964285714285714	0.00277777777777778	-0.321428571428571	0.497619047619048	0.2029	0.02559	1.468	1.441	1.291	0.6972	1.929	1.134	-0.44382	-5.032	6.071	10.904	NA	7	26	1993	2018
Staphylus hayhurstii	2.5	0.955858276310818	0	-0.436946391839133	4.34102704725172e-05	3.291	1.514	6.895	5.374	-0.14041	-0.5063	0.2205	0.7214	0.9038	-2.471	4.66	7.091	NA	93	26	1993	2018
Staphylus mazans	4.899	0.903030303030303	0.000880224994754143	-0.587878787878788	0.0802150639781515	28.19	2.015	358.8	356.7	-0.3486	-1.263	0.584	1.852	12.718	-1.78833	28.53	31.64	NA	10	26	1993	2018
Strymon acis	2.969	0.5	1	0.5	1	1.254	0.1121	13.88	13.77	0.43	-0.6959	1.494	2.089	1.737	-9.472	13.801	13.27	NA	3	26	1993	2018
Strymon albata	20.18	1	1	-1	1	0.03325	0	Inf	Inf	-6.295e-05	-4.373	4.37	8.743	-38.51	-100	Inf	Inf	NA	2	22	1993	2016
Strymon alea	119.867	NA	NA	NA	NA	1.003	0	Inf	Inf	0.003857	-21838	21820	43658	-14.1	-100	Inf	Inf	NA	1	13	2004	2016
Strymon bazochii	38.293	1	1	-1	1	2.097	0.07415	56.69	56.62	0.3755	-0.5342	1.286	1.82	11.022	-6.004	31.72	37.73	NA	2	22	1993	2016
Strymon istapa	1.597	0.802597402597403	4.16568647331945e-07	-0.844766997708174	1.60344348080736e-07	3.031	0.7852	11.1	10.361	0.13918	-0.37608	0.6545	1.0629	4.8961	-2.6445	14.36	17.61	NA	39	26	1993	2018
Strymon martialis	3.699	0.952380952380953	0.00114087301587302	0.523809523809524	0.196626984126984	8.667	0.6128	112.2	111.5	-0.4008	-1.238	0.4721	1.754	4.155	-7.7741	16.71	22.03	NA	10	26	1993	2018
Strymon melinus	1.844	0.841558387079859	0	-0.196883575411183	0.000364890525807452	1.1084	0.5564	2.018	1.479	0.4274	0.10655	0.7542	0.6275	0.5629	-4.331	5.524	9.405	NA	389	26	1993	2018
Strymon rufofusca	124.36	NA	NA	NA	NA	1.238	0.08531	18.91	18.83	0.08489	-0.695	0.8611	1.556	3.242	-17.8	29.67	47.47	NA	1	17	1995	2016
Systasea pulverulenta	128.434	0.827272727272727	0.0031151751422363	-0.945454545454545	0	1.601	0.2989	7.782	7.517	0.12794	-0.4607	0.7195	1.161	0.08523	-8.038	8.428	15.65	NA	11	26	1993	2018
Systasea zampa	3.85	0.927272727272727	0.000130162394465275	-0.139393939393939	0.707203785571239	0.1482	0.02284	0.9083	0.8855	0.8322	0.2456	1.389	1.1334	-1.47337	-6.941	5.9062	13.845	NA	10	26	1993	2018
Texola elada	0.968	0.836363636363636	0.00256466229904208	-0.536363636363636	0.0936424967223946	0.5084	0.07981	3.651	3.571	1.091	0.5206	1.623	1.1199	1.7793	-9.9801	11.471	18.996	NA	11	26	1993	2018
Thorybes bathyllus	2.409	0.514240281378789	0	0.198359719442995	0.00563194186928017	1.285	0.7385	2.211	1.488	0.2426	-0.07863	0.5735	0.6338	-0.4312	-5.5354	5.173	10.556	NA	217	26	1993	2018
Thorybes confusis	4.591	0.761276223776224	0	-0.175568181818182	0.161508068205698	1.14	0.5095	2.442	1.935	0.205	-0.09128	0.4953	0.5794	0.16173	-4.076	5.1008	8.888	NA	74	26	1993	2018
Thorybes drusius	0.826	0.9	0.0833333333333333	-0.6	0.35	5.76	0.1167	344.2	344	0.0163	-1.037	1.0245	2.095	-5.138	-14.657	2.985	12.595	NA	5	26	1993	2018
Thorybes mexicanus	1.359	0.952380952380953	0.00114087301587302	-0.976190476190476	0.000396825396825397	1.193	0.2167	6.1	5.878	0.4887	-0.01497	1.0331	1.0584	-5.551	-12.003	0.53729	14.574	NA	9	26	1993	2018
Thorybes pylades	1.735	0.0366553421327668	0.538192810506351	-0.658591758847674	0	1.4042	0.676	2.764	2.095	0.23038	-0.06856	0.519	0.5828	-0.7415	-3.982	2.906	6.96	NA	321	26	1993	2018
Thymelicus lineola	0.673	0.901023694501955	0	0.0318179204048769	0.688352248402026	3.963	0.8297	17.202	16.151	0.6364	0.03013	1.1717	1.1519	-5.0173	-14.07	4.9284	18.557	NA	196	26	1993	2018
Timochares ruptifasciatus	67.499	1	1	1	1	0.2389	0.01949	2.862	2.842	0.8954	0.1621	1.633	1.471	0.06845	-10.53	11.95	22.47	NA	2	22	1993	2016
Tmolus echion	52.593	NA	NA	NA	NA	1.357e-36	0	Inf	Inf	-0.6284	-42275	42233	84508	-99.68	-100	Inf	Inf	NA	1	10	1993	2002
Urbanus dorantes	1.881	-0.285268270120259	0.0522906426112362	-0.659111933395005	1.02526374782267e-06	1.0645	0.4948	2.268	1.814	0.4231	0.09185	0.714	0.6233	-1.0567	-7.612	4.734	11.752	NA	61	26	1993	2018
Urbanus procne	1.456	0.5	1	-1	0.333333333333333	72.4	6.324	861.9	855.4	0.3478	-0.3261	1.0409	1.399	21.62	8.374	35.91	31.33	NA	3	22	1993	2016
Urbanus proteus	1.567	0.502620850320326	1.30361940611234e-07	0.375037856726849	0.000124647213025409	1.5255	0.5725	3.966	3.503	0.3657	-0.03526	0.7549	0.7901	2.762	-2.966	8.6617	11.402	NA	121	26	1993	2018
Urbanus teleus	116.728	NA	NA	NA	NA	276557362911	8.498e-19	8.40202799305e+40	8.40202799305e+40	-3.027	-12.42	6.35	18.77	616.7	-94.72	96688	96783	NA	1	16	1993	2010
Vacciniina optilete	125.502	NA	NA	NA	NA	0.001243	8.838e-14	17095608	17095608	4.192	-9.16	17.53	26.69	10.71	-21.6	56.3	77.9	NA	1	17	1999	2018
Vanessa annabella	1.936	0.72142064372919	5.16672127920308e-09	-0.622129258089302	1.55759906887665e-06	0.3912	0.1711	0.8528	0.6829	0.4428	0.12393	0.7503	0.6137	-6.289	-11.031	-0.6883	10.323	NA	60	26	1993	2018
Vanessa atalanta	0.918	0.778332712993635	0	0.0368798153869059	0.461284666267846	1.2235	0.5967	2.45	1.8557	0.6083	0.358689	0.8547	0.51	-1.0606	-4.9463	2.951	7.68	NA	483	26	1993	2018
Vanessa cardui	0.844	0.0288931599488594	0.571778100884787	-0.00378886010362694	0.940903687263055	1.2531	0.4478	3.4319	2.9576	0.3759	-0.01564	0.784	0.8091	0.04873	-6.259	6.178	11.908	NA	449	26	1993	2018
Vanessa virginiensis	1.627	-0.295045028237747	1.2374699063422e-08	0.387568156426913	2.21699704747603e-14	0.789	0.3475	1.8255	1.481	0.4947	0.26083	0.7246	0.4757	-1.7578	-5.333	2.1018	7.374	NA	434	26	1993	2018
Wallengrenia egeremet	1.629	0.771958882566937	0	-0.416493544185042	2.95719412963551e-12	1.1486	0.5292	2.475	1.959	0.5261	0.249471	0.7782	0.5507	0.7855	-4.278	5.99	9.893	NA	312	26	1993	2018
Wallengrenia otho	2.16	0.550587863962755	1.37888142959352e-10	-0.0748362660774876	0.42612894296926	1.028	0.5576	1.826	1.265	0.4882	0.20769	0.7566	0.5595	0.7243	-3.0056	4.547	7.414	NA	136	26	1993	2018
Zestusa dorus	31.741	1	0.0833333333333333	-1	0.0833333333333333	3.427	0.007801	2455	2455	-0.2986	-2.075	1.353	3.428	-0.877	-10.609	11.798	22.41	NA	4	26	1993	2018
Zizula cyna	76.676	0.3	0.683333333333333	-0.9	0.0833333333333333	4.931	0.10627	267	266.8	-0.3101	-1.614	0.8834	2.498	-1.901	-11.369	11.905	29.05	NA	5	26	1993	2018
